200 ../OUTPUT/PA4-G-Unknown-Output.txt 0
 4.87361 -9.92815 -23.1019	5.50775 -10.1913 -23.6373 0.870632
 -6.15212 -4.04813 27.1125	-6.43422 -4.32534 27.1176 0.395532
 23.3308 -13.4197 -14.8899	24.2309 -14.6956 -15.4638 1.66349
 -22.7316 4.27478 -45.1331	-22.7661 3.38173 -43.8566 1.55832
 13.7926 0.970216 -21.3101	13.927 0.948642 -20.9573 0.37817
 3.09968 0.962507 -23.2476	2.92149 0.788331 -22.8452 0.473332
 -19.5064 13.4632 -30.7511	-19.7284 12.0309 -30.5973 1.45748
 5.38272 -3.64729 51.9448	5.47667 -7.12114 51.6113 3.49109
 -41.6252 -18.8165 -26.523	-41.7647 -18.875 -26.5296 0.151362
 -34.7511 -22.2179 -14.9029	-35.3983 -22.8806 -14.3901 1.05877
 -12.5354 -18.6835 -45.2015	-12.462 -18.7849 -45.3707 0.210461
 4.16516 3.4801 -21.3106	3.86357 3.02641 -20.791 0.752848
 20.5599 1.35912 -25.1402	20.3906 1.29509 -25.271 0.223281
 -5.71922 3.23194 -31.5355	-6.26801 3.01218 -31.5353 0.591154
 -10.5678 26.8316 30.9418	-9.71095 24.2553 30.2422 2.8037
 -12.1916 -28.5288 -22.648	-11.5262 -29.9518 -22.3327 1.60222
 -18.3673 3.1607 -3.46126	-17.0443 1.70628 -3.63472 1.97379
 31.3938 7.28935 -26.4363	31.7309 7.31928 -26.6951 0.42597
 20.1657 17.0585 39.1619	20.4593 17.3194 39.1974 0.394476
 -19.6818 -30.5751 -22.7768	-19.4252 -32.2089 -22.5732 1.66627
 13.4269 -14.706 -12.12	13.201 -15.7789 -12.5411 1.17453
 35.6697 13.4651 -11.1838	35.8506 13.5375 -11.224 0.198924
 23.4329 0.00836306 24.5681	25.2516 -1.9185 25.3012 2.74909
 25.5102 16.0412 -27.9316	25.4294 15.9467 -27.7471 0.222465
 -8.36732 20.7152 41.4114	-6.70338 19.1176 39.7555 2.83952
 22.1583 14.6336 34.5472	22.8988 15.0405 34.7399 0.866711
 -41.1577 -14.7851 -17.4412	-41.3478 -14.8346 -17.3401 0.220892
 18.8818 3.45335 46.18	22.3743 2.75886 46.6814 3.59595
 5.45077 23.8786 -1.87946	6.81942 22.9911 -1.15246 1.78586
 10.9321 21.7397 -14.0035	11.8385 21.365 -13.6801 1.0327
 39.5699 4.33667 -3.50154	40.4971 4.32997 -3.42635 0.93031
 -1.57989 -15.9075 -35.9504	-1.16814 -16.0653 -36.1987 0.506033
 32.7292 4.64993 -23.4697	33.2798 4.62924 -23.8533 0.671342
 19.7893 -5.90095 -23.3343	19.5792 -5.87098 -23.7504 0.467164
 -40.2057 -9.3676 -36.3361	-40.2514 -9.37189 -36.3366 0.0459409
 -18.9243 -18.7668 -7.83975	-18.8105 -18.9243 -6.60019 1.2547
 -10.2083 23.6625 36.3291	-9.609 21.8147 34.9854 2.36195
 14.1386 -5.37454 16.1034	14.3922 -7.61552 16.5133 2.29223
 8.09512 -3.379 39.4002	8.46318 -6.63797 39.431 3.27984
 -25.0461 -5.7315 -6.76802	-24.9406 -5.86035 -6.95009 0.246731
 -11.5179 9.74462 27.1089	-11.7643 9.46532 27.1896 0.381136
 -37.6093 -1.39542 -41.4869	-36.7121 -1.81069 -40.7919 1.20848
 -12.987 -6.32122 -48.3161	-12.9964 -6.34188 -47.7145 0.601992
 -2.51484 9.10011 -18.7505	-2.67173 7.62093 -18.2081 1.58329
 21.0067 -13.9297 -5.91206	21.8085 -15.0875 -5.38857 1.50251
 39.0116 3.35531 -4.00072	40.1636 2.61517 -3.80591 1.38302
 -3.42588 21.0174 51.4809	-0.892445 17.5637 51.1623 4.29508
 -42.348 -15.9721 -22.4732	-42.6265 -16.0783 -22.4441 0.299445
 -11.1016 5.97993 -40.3411	-11.7357 5.18155 -39.69 1.2097
 17.1318 11.7328 -28.419	16.8287 11.4138 -28.6186 0.483156
 -9.45408 -26.333 -34.9585	-8.92706 -27.1704 -35.3614 1.06841
 30.466 3.71894 -27.3131	30.936 3.66453 -27.5884 0.547403
 13.2999 21.6452 57.0087	13.172 20.5142 56.8928 1.14414
 -42.9233 -14.8998 -29.8908	-41.9491 -15.2078 -29.2578 1.20198
 -9.64229 15.5985 41.2198	-8.27915 15.6539 39.7827 1.98152
 14.4623 25.4547 -15.4427	15.0993 24.3421 -15.3455 1.28567
 -2.46823 -2.97994 50.0085	-3.45775 -4.19315 49.9716 1.56601
 -43.4527 -12.446 -22.6638	-43.4533 -12.4461 -22.6637 0.000678964
 -28.4282 -24.9131 -12.2861	-28.9849 -25.4161 -11.5296 1.06547
 -43.7012 -9.50678 -28.6739	-43.3601 -9.34822 -28.4517 0.436824
 13.3304 -15.8499 -8.34335	12.9015 -17.0097 -8.70921 1.28951
 32.0683 -1.31662 12.1059	32.9748 -2.1263 12.8887 1.44575
 22.0398 9.95984 -29.9547	21.8652 9.71798 -30.3185 0.470483
 19.048 17.9682 -30.9191	19.0575 17.7673 -30.4822 0.480929
 -2.45256 -20.8013 -32.7636	-1.77723 -21.0474 -33.0699 0.781325
 -1.35013 -6.03969 -30.5527	-1.4998 -6.09378 -30.4892 0.171373
 8.32021 -3.53239 34.3158	8.6726 -6.66063 34.3425 3.14813
 -15.0794 12.0151 -32.2071	-15.6423 10.8594 -31.9355 1.31394
 -6.62138 -5.47889 21.569	-7.29296 -5.78858 21.7264 0.756097
 -10.1363 19.3954 39.0476	-9.49286 18.8729 37.9183 1.4008
 -7.08664 27.3023 20.982	-6.96656 24.4098 21.6547 2.97206
 -42.3125 -7.81869 -17.7304	-42.2128 -7.81799 -17.8071 0.125785
 20.2892 7.34926 -28.3583	20.1387 7.29627 -28.516 0.224299
 -8.6383 -6.95089 -46.218	-9.02605 -7.06286 -45.7729 0.600835
 -13.5452 -23.4077 -12.0425	-13.0108 -24.0304 -10.991 1.33373
 -7.81514 1.04278 55.6593	-6.48055 1.50783 55.6562 1.4133
 -36.3897 -25.071 -23.5675	-36.9757 -25.758 -23.4916 0.906201
 17.2928 18.1802 51.863	17.3174 18.206 51.8671 0.0357916
 11.9761 23.8822 50.8612	12.0233 21.4829 50.4624 2.43261
 7.99127 6.25905 62.9549	7.99335 6.26011 62.974 0.0192336
 0.229713 -9.85643 6.4525	0.0454323 -11.7207 6.71357 1.89149
 -8.5669 15.4037 57.9779	-4.84142 12.8929 57.7502 4.49833
 2.61455 23.4383 44.9314	3.16574 19.9631 44.3996 3.55856
 -26.4997 12.5719 -22.9935	-26.3495 11.3785 -23.3045 1.24243
 13.011 24.6726 37.8989	13.358 22.2052 37.9648 2.49254
 1.06776 25.7676 28.3739	0.623417 23.5682 28.1415 2.25585
 24.3705 -12.7172 -15.7485	24.9202 -14.0701 -16.1442 1.51294
 0.81261 13.4355 -7.64266	1.50441 11.7694 -6.83741 1.97555
 -4.47344 27.0002 22.5854	-4.96791 24.5839 22.9616 2.49484
 21.8475 7.0687 38.5875	24.342 7.1584 39.0506 2.53868
 -31.0276 8.52124 -16.9489	-30.5678 7.84484 -17.2906 0.886366
 -26.6988 -20.2984 -8.34635	-26.896 -20.3452 -7.0915 1.27111
 22.7767 -9.32876 -22.2542	22.4603 -9.94978 -22.8591 0.922881
 20.9371 -6.55367 7.60385	21.4095 -8.3472 8.08675 1.91653
 -32.4186 -28.3838 -26.7615	-32.9685 -29.1806 -26.8804 0.975354
 -44.0676 -9.76982 -27.9454	-43.587 -9.72828 -27.8236 0.497546
 17.4203 -11.9871 -0.491635	18.0042 -13.1736 0.118975 1.45656
 3.18634 -0.510277 -23.7696	3.02853 -0.657298 -23.4182 0.412346
 35.1092 15.5226 -7.1716	34.9581 15.4053 -7.18813 0.19201
 -39.703 -5.6701 -13.5234	-39.4427 -5.73913 -13.6976 0.320794
 -5.43097 2.03522 -33.4822	-5.74731 1.89955 -33.5014 0.344735
 22.4814 15.3893 32.3163	23.0729 15.7173 32.446 0.688688
 0.705802 -5.34044 -27.5312	0.620156 -5.39283 -27.4648 0.120364
 -7.31232 21.3027 41.4508	-6.15861 19.6297 39.6507 2.71483
 17.1916 21.9242 -29.5689	16.8923 21.7011 -29.0325 0.653468
 12.5054 24.1459 -15.8961	13.2776 23.1548 -15.6859 1.27382
 4.39748 -3.377 -23.9272	4.38877 -3.37997 -23.9136 0.0164388
 -25.3117 -28.3531 -37.8255	-25.3503 -28.9366 -38.2956 0.750334
 28.1675 -5.31137 -24.0766	28.4109 -5.9049 -25.0588 1.17317
 -25.4936 10.2539 -37.779	-25.0837 8.99675 -36.8151 1.6363
 4.36229 -14.8494 -18.6115	5.3441 -15.9297 -19.0385 1.52095
 25.1243 -12.2916 -16.2051	25.9338 -13.4917 -16.4335 1.46553
 6.15894 23.6381 -3.51323	7.56733 22.7398 -3.05231 1.7329
 -29.0971 -0.373789 -46.3447	-28.5708 -1.0558 -45.2763 1.37243
 2.43809 -1.53002 -24.5561	2.23355 -1.67163 -24.2104 0.425924
 -40.1395 -11.6192 -14.6376	-40.3543 -11.6506 -14.4895 0.262798
 -18.8063 -3.5442 -1.40855	-18.6849 -3.56844 -1.48313 0.144565
 -10.9257 11.5221 32.0934	-11.5121 10.8959 32.3396 0.892595
 6.24295 19.0104 -7.00583	7.23271 18.8169 -6.39235 1.18043
 22.2261 10.8938 37.6653	23.826 11.4722 37.9766 1.72948
 28.3381 13.5582 -27.4574	28.2991 13.5297 -27.4084 0.0687877
 0.330795 -7.64859 17.141	0.296145 -9.99226 17.6238 2.39313
 18.903 7.44485 53.1568	22.0796 7.4952 53.6468 3.21457
 -25.9074 9.38995 -17.6298	-25.8852 9.32512 -17.6673 0.0780836
 37.3029 1.13091 -3.54768	38.5655 0.324021 -3.46288 1.5008
 -13.6583 9.07075 -15.2778	-13.6568 8.04259 -15.7282 1.12248
 -33.6722 7.38195 -17.6686	-33.1401 6.44943 -18.0527 1.14027
 -4.08831 -10.8223 1.35843	-4.09934 -12.6497 1.9802 1.9303
 11.9485 -3.80489 26.8493	12.3466 -6.52023 26.9549 2.74639
 -32.3025 10.4222 -29.8033	-31.4666 9.10756 -29.651 1.56527
 23.1629 -1.41251 21.9379	24.4274 -3.73602 22.5447 2.714
 37.2476 -0.0338672 -9.61134	38.3066 -0.597798 -9.54468 1.20159
 19.5162 2.93603 41.7131	22.708 1.15936 41.9151 3.6586
 -4.6888 -13.9485 -4.46631	-4.595 -15.3882 -3.57632 1.69515
 11.9209 19.2221 -18.3095	11.7454 19.1496 -18.311 0.189894
 27.918 0.319963 17.9117	29.2656 -0.166534 18.874 1.72594
 -13.6213 -23.92 -12.637	-13.0313 -24.7693 -11.4118 1.60333
 -11.9899 11.5734 10.6272	-9.74931 10.8002 11.3739 2.48509
 3.39595 20.0065 -2.17759	4.71782 19.2355 -1.20691 1.81222
 -31.866 -27.8176 -33.5165	-32.2136 -28.4059 -33.7628 0.726389
 -10.5021 -24.8553 -39.0104	-10.0777 -25.3938 -39.41 0.793561
 -20.0643 -30.543 -22.2122	-19.8044 -32.1977 -22.006 1.68762
 11.4413 4.09832 -19.304	11.5881 3.53115 -18.7016 0.840331
 -13.2945 26.0921 19.1837	-12.3414 23.2492 20.8316 3.42134
 23.3097 26.0905 3.03965	22.8923 25.0375 2.93427 1.13754
 -8.32414 9.40178 -24.2825	-8.87538 8.34288 -24.0746 1.21175
 0.983597 19.7202 1.86734	2.55226 18.7707 2.92161 2.1151
 10.6171 -4.86519 -21.82	10.6212 -4.83615 -22.1012 0.282743
 -41.0023 2.24006 -24.4977	-40.1712 1.6719 -24.5041 1.00676
 -40.7657 -18.1457 -19.4688	-41.0553 -18.244 -19.4017 0.313088
 -3.86559 -3.15888 36.4711	-4.85051 -4.06669 36.4816 1.33952
 25.5195 24.6658 -15.3241	25.1391 23.9066 -15.3246 0.849177
 -3.6533 12.6154 -5.14552	-2.62611 10.787 -4.74929 2.13429
 -3.09809 -13.4874 -39.4041	-3.05026 -13.4947 -39.4426 0.0618406
 -21.5995 4.63582 -44.705	-21.8005 3.61683 -43.5446 1.55736
 11.4755 -2.01947 51.6536	13.3444 -5.77882 51.7503 4.1994
 -1.65859 -19.5627 -31.8917	-0.919631 -19.928 -32.0243 0.834891
 -11.1596 9.69228 -33.7929	-11.6362 8.58789 -33.4688 1.24574
 28.6972 22.7954 -10.4117	28.3048 22.1847 -10.3754 0.726858
 -7.94158 -0.121499 36.4625	-6.57529 0.171003 36.2677 1.41076
 13.518 24.1507 41.4083	13.4248 22.2664 41.3605 1.88721
 -19.8434 4.69381 -44.277	-19.7603 3.73488 -43.191 1.45114
 -12.1526 -19.7221 -44.4686	-12.097 -19.8108 -44.5971 0.165741
 15.0692 28.8279 -1.42111	15.3077 27.1419 -1.55178 1.70784
 35.9499 5.65322 -15.7347	36.767 5.51077 -15.9011 0.845884
 19.2456 14.8584 49.7355	20.0264 15.4059 49.8137 0.956885
 10.3432 3.65074 63.042	10.3432 3.64867 63.0026 0.0394813
 -4.24772 8.70653 62.7754	-4.27674 8.73168 62.8384 0.0738189
 -6.81555 17.754 59.311	-3.63159 14.2977 59.0262 4.70798
 7.65481 24.5424 41.1683	8.22515 21.4638 40.531 3.19521
 13.0197 -10.3043 5.30604	13.2523 -11.4925 6.12708 1.46289
 -34.6968 2.15744 -14.1367	-34.8095 2.35625 -13.9995 0.266571
 -40.8327 -13.125 -32.4294	-39.9785 -13.2803 -32.197 0.898702
 0.253821 8.64193 -18.8063	0.0303276 7.46917 -18.1828 1.34687
 -1.72372 -19.3251 -33.2576	-0.938415 -19.7086 -33.2932 0.874647
 35.635 14.9113 0.649751	35.6827 14.944 0.646365 0.0578943
 -10.4585 -26.4737 -36.0333	-9.92178 -27.196 -36.4587 0.99534
 -8.65428 -16.9693 -44.0731	-8.65474 -16.9692 -44.0725 0.000746914
 -17.9159 21.7235 23.5545	-15.6084 20.4067 24.0755 2.70745
 24.0138 21.3056 -25.3087	23.7166 21.0051 -24.982 0.534253
 -30.7629 9.92019 -19.2769	-30.3952 8.96965 -19.5262 1.04921
 -19.4425 -30.2966 -34.5098	-19.2666 -31.3653 -34.9243 1.15976
 -15.6903 -24.1868 -42.5935	-15.6113 -24.5051 -42.9714 0.50039
 -24.764 2.19325 -46.4328	-24.4894 1.23836 -45.3857 1.44347
 25.8952 -1.749 -26.819	25.6729 -2.22013 -27.4671 0.831431
 -2.52914 -1.87528 -30.145	-2.87405 -2.05966 -29.9199 0.451221
 -33.2715 8.82728 -33.6014	-32.5127 7.33245 -33.0234 1.77323
 2.25744 22.9942 59.947	3.96718 18.7923 59.8355 4.5378
 -7.61763 1.31877 62.4269	-5.73927 1.338 62.614 1.88775
 2.61832 25.1601 30.275	2.38624 22.9453 29.6756 2.30617
 -25.8715 12.701 -22.6729	-25.7058 11.3843 -23.016 1.37075
 -10.8404 -22.3907 -12.6536	-10.411 -22.999 -11.5834 1.30375
 11.4503 -15.6013 -7.02732	11.1617 -16.6009 -7.02517 1.04039
 -39.7076 1.12577 -36.1521	-38.6599 0.405282 -35.6877 1.35367
 0.245721 -3.93022 37.4293	-0.711128 -6.37077 37.5881 2.62623
 -1.7386 -8.3337 14.0897	-2.55416 -10.255 14.4537 2.11869
 10.0486 -11.3857 -18.5611	10.4529 -12.2566 -19.5098 1.34979
 -31.9055 -26.8645 -35.7961	-32.2058 -27.3871 -36.1124 0.680628
 13.1281 16.5814 -20.0918	12.7679 16.4417 -20.0284 0.391516
 11.0114 -10.7689 -18.8141	11.3952 -11.5958 -19.7149 1.28164
