200 ../OUTPUT/PA4-E-Debug-Output.txt 0
 -39.0217 -13.6482 -40.2195	-38.9985 -13.6457 -40.2063 0.0268366
 15.0764 -13.63 1.64586	15.0907 -13.674 1.66468 0.0499171
 13.136 25.816 -6.69278	13.1267 25.8666 -6.71193 0.0548842
 -31.539 -7.28768 -46.6135	-31.5292 -7.29332 -46.5913 0.0248966
 3.34583 -7.7256 28.0527	3.3394 -7.68185 28.0446 0.0449656
 -28.5441 -31.0381 -31.041	-28.5535 -31.0604 -31.0451 0.0245418
 20.8397 16.3877 42.089	20.8054 16.3672 42.0813 0.0407225
 -37.5417 -23.3491 -34.1234	-37.554 -23.3575 -34.1278 0.0155205
 6.00997 -7.43625 26.8306	6.01775 -7.48155 26.8391 0.0467397
 -20.9916 -14.7554 -48.5715	-20.9903 -14.7535 -48.5657 0.00623405
 -9.91152 -28.0831 -34.762	-9.89889 -28.1068 -34.7747 0.0296996
 32.0844 3.77205 -25.6359	32.1339 3.76827 -25.6642 0.0570892
 4.96876 -12.3241 6.39034	4.97107 -12.2975 6.39005 0.0266851
 -5.90708 -0.17927 49.3565	-5.88151 -0.170535 49.3559 0.0270265
 30.2594 20.8087 -0.439819	30.2598 20.8092 -0.439822 0.00065366
 -7.00474 25.1066 24.4387	-7.0043 25.0353 24.4417 0.0714272
 11.8748 20.4043 -22.7539	11.8423 20.4184 -22.751 0.0355445
 -12.5957 4.77961 7.86951	-12.5164 4.72322 7.86425 0.0974146
 -32.6724 -10.9762 -46.4653	-32.6698 -10.9766 -46.4547 0.0108921
 26.236 -6.11372 12.4295	26.2371 -6.12299 12.4344 0.010516
 20.8643 -0.000543659 49.4389	20.8653 -0.0010244 49.439 0.00109319
 18.19 0.299646 62.2166	18.2242 0.267457 62.2598 0.0638338
 29.916 20.9453 -1.35862	29.9607 21.0036 -1.3618 0.0735849
 25.8454 -9.11076 3.47541	25.8466 -9.14389 3.48686 0.0350743
 -14.4488 -5.79442 -47.6747	-14.4489 -5.79482 -47.6733 0.00143893
 -35.0573 -27.6869 -26.6321	-35.0259 -27.6476 -26.629 0.0504104
 27.2508 -7.2208 9.70561	27.2409 -7.05271 9.65945 0.174593
 -3.02537 -12.3068 -39.4358	-2.92978 -12.3212 -39.5128 0.123576
 -5.17542 24.8212 24.8186	-5.17685 24.8146 24.8187 0.00682215
 -4.48632 24.4756 23.0629	-4.48142 24.4996 23.0592 0.0247158
 28.4568 20.8457 -20.5082	28.3591 20.7366 -20.4414 0.160963
 -39.6745 -16.6456 -14.717	-39.5937 -16.6142 -14.7727 0.103067
 23.6315 -12.2024 -2.6419	23.5998 -12.1394 -2.68993 0.0852788
 20.8262 -10.6697 -21.5778	20.8218 -10.6896 -21.6312 0.0571318
 -35.2576 -0.218769 -41.0338	-35.2837 -0.188654 -41.0674 0.0520864
 17.8268 -17.1532 -5.6318	17.8256 -17.1289 -5.63624 0.0246715
 10.0212 26.3546 4.1919	10.0286 26.3155 4.19205 0.0398452
 -15.888 -13.9537 -48.4653	-15.8868 -13.9562 -48.4727 0.0079012
 -43.1331 -14.2615 -23.1505	-43.2248 -14.278 -23.1307 0.0952144
 34.523 -4.2182 -1.81381	34.4716 -4.17132 -1.8145 0.0695413
 6.90102 21.9186 33.4756	6.89918 21.942 33.4798 0.0238124
 21.3892 -0.579744 44.4514	21.4019 -0.587158 44.4536 0.014903
 -8.10276 18.0482 39.3412	-8.11636 18.0613 39.3548 0.0232028
 36.1064 12.1435 -12.3392	36.2312 12.1625 -12.3551 0.127203
 14.1946 22.6209 -27.1198	14.1577 22.6601 -27.105 0.0557811
 2.23448 22.5361 9.39981	2.17883 22.6258 9.34996 0.116733
 -25.5613 -32.3949 -26.882	-25.5623 -32.3999 -26.8823 0.00509309
 -14.95 -1.39749 -46.7764	-14.9656 -1.42152 -46.7149 0.0678965
 5.27421 20.1272 44.9263	5.25284 20.2607 44.9368 0.135614
 30.044 17.2662 12.3824	30.0029 17.2352 12.3599 0.0561729
 16.7913 22.2017 -28.4479	16.7955 22.2108 -28.4541 0.0117401
 -3.38405 -3.0546 -32.7457	-3.31732 -3.04344 -32.7585 0.0688542
 -17.4358 -22.492 -45.0071	-17.4203 -22.5159 -45.0418 0.0448388
 22.8874 6.04846 -30.0982	22.9042 6.05609 -30.0296 0.0709563
 20.7225 -9.04487 5.91769	20.7404 -9.11958 5.94381 0.0811504
 20.8658 15.8705 42.1541	21.022 15.9638 42.1894 0.185377
 26.5445 23.4669 -7.70387	26.5358 23.4468 -7.70329 0.0218933
 38.6896 3.63562 -11.8272	38.6775 3.63504 -11.822 0.0132055
 -16.43 -11.6467 -2.59533	-16.3904 -11.5939 -2.68096 0.108089
 -33.0691 -6.81417 -8.83652	-33.096 -6.78234 -8.76223 0.0851971
 15.5414 -8.57702 -21.8097	15.5425 -8.5708 -21.7886 0.0220661
 -2.19409 16.1253 54.0539	-2.18006 16.1076 54.05 0.0229341
 -5.31451 0.157777 62.658	-5.34778 0.149249 62.6948 0.0503508
 29.5008 16.0875 14.5198	29.4555 16.0528 14.4865 0.0660964
 -2.00099 -19.6884 -35.1105	-1.9477 -19.7314 -35.1528 0.0804915
 -8.95106 6.18972 28.7234	-8.99373 6.17178 28.7381 0.0485632
 23.7204 4.92843 42.1327	23.7089 4.92989 42.1309 0.0117318
 -0.318865 -6.13038 57.587	-0.363445 -6.23628 57.5942 0.115128
 0.126139 1.46192 63.4746	0.127036 1.46374 63.4433 0.0313954
 -4.45098 11.64 1.77114	-4.50675 11.7118 1.74675 0.0941114
 9.50825 24.0217 -5.30013	9.59441 23.9333 -5.24575 0.134887
 38.4886 7.27164 7.21463	38.5636 7.28964 7.26868 0.0941701
 24.5892 4.71914 36.4662	24.6666 4.70727 36.4794 0.0793446
 -36.9332 -3.83219 -41.5287	-36.9297 -3.83324 -41.5249 0.00528542
 14.3123 -5.05411 58.5233	14.3122 -5.05379 58.5233 0.000367427
 23.2709 23.6164 9.67527	23.2386 23.5312 9.65652 0.0930601
 -1.86994 -21.7743 -32.861	-1.99336 -21.7075 -32.8381 0.142227
 -39.9736 -16.3497 -32.9897	-39.9604 -16.3484 -32.9829 0.0149274
 29.6367 13.5221 -26.043	29.606 13.4958 -26.0165 0.0483492
 -2.98177 18.414 44.6331	-2.92859 18.3079 44.5923 0.125513
 -11.1526 -20.8643 -9.50858	-11.1543 -20.8826 -9.48646 0.028731
 22.1565 5.29133 51.783	22.2172 5.28084 51.7919 0.0621946
 -7.80098 7.83682 -21.279	-7.80046 7.83752 -21.2789 0.000869291
 -0.866512 18.3077 7.438	-0.972742 18.3995 7.36866 0.156569
 -33.8389 -28.5487 -27.752	-33.7933 -28.4827 -27.7422 0.0808269
 -14.7491 -31.0305 -33.0513	-14.7917 -30.8948 -33.0185 0.145888
 -27.1648 11.2195 -24.0746	-27.1745 11.2461 -24.0726 0.028444
 -29.8373 6.96756 -37.1903	-29.8529 7.00712 -37.2053 0.0450503
 34.1276 8.217 -21.9008	34.1634 8.21819 -21.9173 0.0394366
 17.8588 22.5957 24.5355	17.8677 22.625 24.5376 0.0306895
 -9.93972 -5.18857 -45.5792	-9.90313 -5.16291 -45.6229 0.0625073
 31.3521 10.2284 -26.2729	31.3441 10.225 -26.2672 0.0103805
 -12.0927 -4.97884 -46.9674	-12.0793 -4.96877 -47.0006 0.0371721
 37.1991 -1.61025 -3.22336	37.1133 -1.52703 -3.23289 0.119864
 -3.66147 -21.6864 -35.6813	-3.68437 -21.6699 -35.6664 0.0319123
 -25.434 -23.527 -43.8671	-25.4328 -23.5168 -43.8566 0.0146633
 30.4991 6.10177 18.8399	30.4481 6.096 18.8118 0.0585573
 -35.2708 -21.2317 -12.5517	-35.3087 -21.2629 -12.5005 0.070935
 -35.4345 -8.30229 -8.60703	-35.4261 -8.31394 -8.62768 0.0251612
 -12.9279 -31.0051 -29.2244	-12.9317 -30.9939 -29.2228 0.0118938
 27.7553 -7.37437 -24.273	27.7687 -7.40594 -24.3259 0.0630586
 -2.91095 6.93326 63.3979	-2.91059 6.93338 63.3358 0.0621345
 21.6503 14.0776 44.0863	21.696 14.1052 44.0924 0.05379
 22.804 18.1863 27.168	22.7987 18.1825 27.1669 0.00664378
 35.8253 14.5473 -8.1331	35.7649 14.5004 -8.13971 0.0767386
 0.388566 20.3746 8.05173	0.359035 20.4018 8.03205 0.0446987
 -15.5949 -12.3498 -48.5559	-15.5874 -12.3463 -48.4942 0.0622573
 22.3308 4.65725 50.3007	22.3505 4.65433 50.3047 0.0202889
 24.8367 -12.2504 -3.56061	24.8519 -12.2915 -3.52854 0.0543187
 -1.08208 24.1021 24.5705	-1.08723 24.0414 24.5643 0.0612091
 35.264 -4.15512 -17.0943	35.2989 -4.18124 -17.1061 0.0452052
 4.70898 24.2512 15.5939	4.69494 24.4934 15.6239 0.244497
 -4.29672 -10.4319 9.00713	-4.29158 -10.4114 9.00155 0.0218359
 21.5243 -10.5883 -21.7518	21.5261 -10.5804 -21.7307 0.022598
 -12.4578 -25.1827 -41.4588	-12.4861 -25.14 -41.4126 0.068916
 -5.01118 -1.752 -38.5823	-5.04068 -1.76761 -38.5653 0.0374145
 7.31325 -15.391 -3.83527	7.30694 -15.4212 -3.82335 0.0331237
 20.2142 25.3841 -20.7692	20.1945 25.3427 -20.77 0.0458542
 -0.0774343 -13.152 0.744546	-0.0902655 -13.0248 0.690529 0.138724
 3.8592 19.7924 48.4474	3.89916 19.6314 48.4339 0.166413
 16.3867 -7.63772 15.6347	16.3772 -7.55432 15.6195 0.0853093
 20.2956 -2.27866 44.9592	20.0773 -2.04472 44.899 0.3256
 -6.51615 12.7307 44.9604	-6.3628 12.7087 44.9409 0.15613
 34.3685 11.3474 -20.2098	34.2576 11.3131 -20.1598 0.126325
 33.3333 15.1996 -16.6438	33.3828 15.2244 -16.6649 0.0593012
 -7.69057 8.22237 -13.0062	-7.68909 8.18921 -13.007 0.0332003
 -4.89534 0.343103 -35.1442	-4.97251 0.301533 -35.1253 0.0896723
 18.8374 25.6249 -12.3627	18.8318 25.7066 -12.3704 0.0823229
 4.49283 -16.6272 -19.209	4.49684 -16.6316 -19.2107 0.006215
 29.7812 9.55221 19.6034	29.6944 9.51851 19.5675 0.0998495
 9.36313 -7.37762 21.2376	9.37761 -7.52283 21.2542 0.146867
 6.97181 24.0531 20.812	6.97655 23.9602 20.7999 0.0938091
 18.6023 3.68034 62.9507	18.6166 3.69038 63.0042 0.0562887
 36.9059 2.42734 10.259	36.8575 2.42434 10.2162 0.0646929
 15.4164 -4.65925 56.4457	15.3836 -4.60351 56.4406 0.0648528
 39.0675 2.23312 6.62873	39.0737 2.23171 6.63052 0.00660024
 13.345 -5.65767 56.297	13.3988 -5.7532 56.3035 0.109859
 -12.1293 -11.7838 -47.3568	-12.1316 -11.783 -47.3487 0.00845843
 -0.392937 -14.7543 -34.4525	-0.38347 -14.7534 -34.4545 0.00972365
 -5.78533 10.6066 57.1077	-5.88631 10.657 57.0991 0.113219
 -19.6116 -12.4767 -4.36788	-19.6156 -12.4865 -4.35205 0.0190229
 -15.6577 -13.9798 -4.04837	-15.6585 -13.9816 -4.04647 0.00270569
 19.8666 -7.45837 -23.5871	19.8666 -7.45939 -23.5892 0.0023606
 -22.0249 -23.2449 -8.41446	-22.023 -23.2555 -8.39754 0.0200821
 7.04112 11.7183 -10.2337	7.05487 11.6824 -10.202 0.0498153
 36.8761 -2.50232 -8.33851	36.8341 -2.46021 -8.34563 0.0599095
 24.1454 6.26314 -30.3383	24.1411 6.26121 -30.3556 0.0179274
 39.6054 1.87064 -3.41879	39.6093 1.86782 -3.41828 0.00482043
 8.1781 -15.3662 -16.6495	8.14205 -15.295 -16.6121 0.0881233
 6.51597 -14.1842 -20.428	6.50247 -14.1702 -20.419 0.0213835
 -17.3338 11.0786 -33.1579	-17.3282 11.1119 -33.1669 0.0349816
 -44.1709 -8.15836 -25.6444	-44.1414 -8.16519 -25.6376 0.0310914
 1.01168 5.86863 -19.6178	1.01238 5.87003 -19.6191 0.0020164
 -40.4282 -15.0615 -31.7526	-40.4053 -15.0653 -31.7467 0.0239203
 19.8117 -13.6425 -1.82929	19.8013 -13.6188 -1.8448 0.0301421
 -16.3751 10.2013 -35.7016	-16.3894 10.1608 -35.689 0.0447483
 -9.46257 -21.8867 -10.4165	-9.46098 -21.8971 -10.408 0.013515
 -5.58144 -1.35941 53.0332	-5.49353 -1.29869 53.0386 0.10698
 -8.93058 17.5143 14.2692	-8.88328 17.4916 14.3454 0.0925055
 -6.46788 4.60728 -29.3414	-6.38293 4.68484 -29.3781 0.120751
 -35.7015 3.72148 -15.8953	-35.6203 3.65568 -16.0279 0.168799
 10.559 -6.87502 56.5637	10.5388 -6.76978 56.5656 0.107178
 -20.6462 2.6649 -44.2799	-20.6558 2.61645 -44.2247 0.0740573
 17.0209 20.9568 39.8307	17.0374 20.9978 39.8415 0.0454295
 -23.8004 -2.23091 -47.6768	-23.8045 -2.22886 -47.6505 0.0267081
 -28.6191 6.31656 -15.1567	-28.618 6.33031 -15.1376 0.0235342
 -6.71283 4.19067 36.5239	-6.99806 4.15557 36.5433 0.288042
 11.2076 11.3325 63.1311	11.2079 11.3326 63.1446 0.0135701
 -6.55762 -11.5703 3.71013	-6.56668 -11.5979 3.72219 0.0314532
 17.4821 23.6856 18.4343	17.4498 23.5839 18.4091 0.10965
 -31.0244 -29.564 -20.9345	-31.0754 -29.6451 -20.9173 0.0973141
 35.0981 -3.75207 -6.16836	35.1338 -3.78784 -6.16231 0.0508979
 13.873 -12.4239 4.66744	13.8745 -12.4309 4.67265 0.00891068
 26.1131 4.16343 31.2586	25.9911 4.17223 31.2277 0.126179
 23.7128 9.56253 42.2643	23.6636 9.55866 42.2551 0.0501585
 38.7042 0.297605 -10.9853	38.8322 0.219542 -10.9805 0.150021
 -13.4901 19.518 33.9093	-13.5549 19.5449 33.9766 0.0972736
 -19.9887 -1.8635 -4.6542	-19.8842 -1.93384 -4.72313 0.14357
 -8.86452 5.70402 28.9701	-8.75077 5.75186 28.931 0.129469
 -39.791 -12.8295 -35.3665	-39.7769 -12.8345 -35.3693 0.0152298
 38.5641 0.284623 6.28965	38.5909 0.27451 6.29968 0.0303495
 -3.21519 -4.58381 -35.9406	-3.14295 -4.54949 -35.9258 0.0813454
 -5.66736 -10.6623 6.59794	-5.69094 -10.7563 6.63003 0.102143
 -19.4664 -4.16324 -2.54298	-19.458 -4.16492 -2.54814 0.0100111
 -39.1207 -0.772177 -36.3415	-39.1237 -0.770365 -36.343 0.00380479
 6.67669 -6.68479 49.3427	6.70169 -6.92138 49.3477 0.237952
 -17.0764 -13.8308 -4.56259	-17.0935 -13.8705 -4.52009 0.0606251
 28.2578 7.72155 -29.8923	28.25 7.72382 -29.8763 0.0178501
 -20.3576 -31.4766 -17.6219	-20.374 -31.5411 -17.595 0.0717971
 32.6137 -6.47752 1.43338	32.6602 -6.53532 1.43382 0.0741615
 11.0464 3.8033 -18.2765	11.0418 3.82114 -18.2955 0.0264386
 9.16581 22.8529 -6.22173	9.18257 22.8401 -6.21091 0.0237023
 -28.299 -29.5064 -35.5073	-28.3146 -29.5547 -35.536 0.0582745
 37.9375 0.626823 -13.6212	37.934 0.626915 -13.6199 0.00375067
 12.8663 22.4867 30.6589	12.8608 22.5647 30.6621 0.0781956
 5.14347 -13.0568 -22.4673	5.16618 -13.0684 -22.4974 0.0394877
 20.4965 22.0318 21.9514	20.4426 21.9407 21.9262 0.108843
 3.52471 1.60948 -22.1618	3.50268 1.5754 -22.1151 0.0618609
 1.76433 -12.0134 6.8285	1.77886 -11.9361 6.82061 0.0790542
 -15.8137 13.7298 26.3687	-15.603 13.8168 26.3917 0.22908
