200 ../OUTPUT/PA4-D-Debug-Output.txt 0
 34.9346 2.87613 12.2925	34.9377 2.87621 12.2954 0.00425793
 -8.25867 -28.002 -30.9638	-8.25958 -28.0007 -30.9636 0.00166108
 -8.92992 -27.6669 -18.6886	-8.92895 -27.6688 -18.6881 0.00217801
 -13.5985 -19.3961 -45.4982	-13.5987 -19.396 -45.4979 0.000323632
 -21.1703 -5.92701 -48.3558	-21.1706 -5.92693 -48.3567 0.000975984
 11.4079 0.32946 63.147	11.4081 0.329446 63.1485 0.0015376
 -37.4046 -25.4997 -26.1516	-37.4052 -25.5003 -26.1516 0.000906627
 -0.0703132 17.982 5.61463	-0.0674104 17.9786 5.6172 0.00518612
 23.2517 8.75448 45.7119	23.2541 8.75465 45.7122 0.00244685
 12.458 26.1529 10.8334	12.4577 26.1548 10.8341 0.00212973
 33.8931 -4.92329 -3.24409	33.8884 -4.91977 -3.24418 0.00592392
 -5.81635 -22.1105 -38.257	-5.81254 -22.1135 -38.2602 0.0057765
 22.0019 25.7291 -3.07231	22.0027 25.7312 -3.07253 0.00227706
 -9.27446 12.5221 12.1499	-9.27002 12.5193 12.1525 0.00586627
 4.09969 23.5055 23.9853	4.09993 23.5126 23.9863 0.00715939
 -2.85745 -20.2383 -12.7985	-2.85932 -20.2344 -12.8002 0.00464975
 25.9925 -2.20672 23.2253	25.9926 -2.2068 23.2253 0.000110595
 -32.8513 -25.1286 -38.7354	-32.8521 -25.1296 -38.7362 0.0015861
 -33.7644 -21.4145 -41.5027	-33.7667 -21.4167 -41.5055 0.00427953
 26.2793 -4.51783 16.806	26.2827 -4.52422 16.8086 0.00770229
 7.56975 13.598 63.1447	7.56975 13.598 63.1447 8.52398e-06
 2.32937 -10.5648 -26.3018	2.33045 -10.5648 -26.3027 0.0014677
 7.87379 23.8042 22.3808	7.87405 23.7989 22.3801 0.00528404
 -13.8293 -29.6133 -18.3277	-13.8294 -29.6131 -18.3278 0.000243024
 -7.78322 10.5845 38.8321	-7.78313 10.5845 38.8321 8.92838e-05
 0.981324 -10.756 14.3016	0.981216 -10.7579 14.3019 0.00194298
 30.3337 20.7546 -0.33855	30.3328 20.7534 -0.338544 0.00150599
 -31.6075 -29.7246 -29.6183	-31.6075 -29.7246 -29.6183 6.43607e-05
 -6.93852 5.14951 48.3271	-6.92833 5.15126 48.3279 0.0103763
 31.8916 1.11454 -25.6834	31.8915 1.11454 -25.6833 7.47442e-05
 18.8142 20.562 35.8198	18.8121 20.5594 35.8196 0.00338701
 -14.0275 19.1643 19.1069	-14.0256 19.1636 19.1082 0.00240187
 -32.1054 8.9599 -24.7617	-32.1073 8.96299 -24.7617 0.00363566
 -39.3119 2.91555 -25.0076	-39.3094 2.91372 -25.0077 0.00308712
 28.9371 -8.88677 2.24374	28.9379 -8.88864 2.24444 0.00214772
 -26.8485 -32.0296 -22.6403	-26.8495 -32.0329 -22.6393 0.00359128
 -40.1767 -15.0662 -15.0641	-40.1752 -15.0659 -15.0651 0.00182129
 33.9367 0.996182 -22.8059	33.9322 0.996146 -22.8028 0.00544042
 10.5009 1.61197 63.1511	10.5009 1.61205 63.1521 0.00096417
 12.1855 25.9648 -5.14478	12.1853 25.9653 -5.14488 0.000539892
 -20.452 -26.2068 -10.386	-20.4523 -26.2111 -10.3825 0.00562886
 25.3814 20.6536 -23.745	25.3814 20.6536 -23.7449 5.9563e-05
 -37.3392 -11.773 -43.0075	-37.3371 -11.7731 -43.0059 0.00258418
 9.86712 -6.46088 37.438	9.8669 -6.45944 37.438 0.0014589
 32.0211 10.2183 -25.3151	32.022 10.2187 -25.3158 0.00115097
 -10.8237 -15.1814 -46.1611	-10.8251 -15.1803 -46.1588 0.0029296
 -37.8564 0.901639 -36.7332	-37.8612 0.904883 -36.7353 0.00616255
 -2.25533 2.87608 -25.0241	-2.25479 2.87657 -25.0245 0.000825589
 14.2116 21.4222 -29.3111	14.2124 21.4201 -29.3072 0.00442739
 37.6078 -1.18483 -4.6362	37.6046 -1.18171 -4.63655 0.00449828
 21.5049 18.8994 30.0103	21.504 18.8984 30.0098 0.00139928
 4.42642 -7.03214 39.546	4.42645 -7.03158 39.546 0.000561728
 20.3457 -13.513 -18.1929	20.3458 -13.5117 -18.1915 0.00192478
 -30.9348 6.25167 -37.4458	-30.9358 6.25302 -37.4468 0.00190346
 16.0155 -4.82389 49.3297	16.0104 -4.81157 49.3291 0.0133507
 -21.3982 -27.8446 -12.4294	-21.3981 -27.8426 -12.4312 0.00266171
 -40.8816 -14.7144 -16.2959	-40.8801 -14.7141 -16.2966 0.00174228
 -32.4227 -24.7743 -13.5309	-32.421 -24.7719 -13.5327 0.00344704
 34.0313 -5.40828 5.42347	34.0334 -5.41063 5.42352 0.00318797
 35.9332 4.33269 11.1296	35.932 4.33261 11.1284 0.0016744
 -27.9976 10.484 -21.7551	-27.9969 10.482 -21.7556 0.00217604
 -16.0221 7.68566 -15.2826	-16.0222 7.68903 -15.2805 0.00397903
 -14.7032 -29.5615 -36.143	-14.7052 -29.5543 -36.1394 0.00826324
 -4.73186 3.32466 63.0892	-4.73208 3.32449 63.0907 0.00146246
 7.85701 -6.7589 45.0644	7.85765 -6.76648 45.0643 0.00761654
 -30.6269 9.87019 -25.205	-30.6262 9.8685 -25.2051 0.00183587
 -13.0304 1.99465 9.51482	-13.0261 1.99434 9.51317 0.00464147
 -25.1931 -29.258 -15.0541	-25.1925 -29.2556 -15.0551 0.00272661
 -0.472101 -10.0938 -31.6038	-0.47652 -10.0962 -31.6014 0.00559655
 4.6291 -7.39444 57.6882	4.62925 -7.39216 57.6882 0.00228468
 -9.5347 7.31396 -8.64992	-9.53453 7.31354 -8.64995 0.000459582
 31.9218 15.1582 -21.1389	31.9165 15.1559 -21.1355 0.00675347
 15.4437 27.1642 -1.59949	15.4436 27.1648 -1.59944 0.000558539
 14.8055 23.5615 -24.4094	14.8044 23.5633 -24.4096 0.00211012
 -1.14319 17.1283 6.06782	-1.13857 17.1251 6.06979 0.00598693
 24.5614 -4.17003 20.6576	24.5616 -4.17044 20.6577 0.000482891
 -6.52679 9.04988 57.88	-6.53602 9.05272 57.8799 0.00966267
 15.6886 25.7689 -9.66539	15.6897 25.7653 -9.66469 0.00385862
 -4.59034 -0.483946 -34.7699	-4.58516 -0.481548 -34.7696 0.00571527
 -0.53197 17.7926 51.1887	-0.532552 17.7935 51.1888 0.00107767
 35.8475 -2.78546 -3.16797	35.8439 -2.78165 -3.1683 0.00528239
 21.8134 22.0269 17.9951	21.8151 22.0303 17.9957 0.00384449
 -9.19971 -21.2822 -42.7748	-9.19613 -21.2856 -42.7795 0.00679773
 23.2737 -5.21164 19.4077	23.2723 -5.20899 19.4069 0.00309287
 25.3564 10.6501 -30.2429	25.3563 10.6501 -30.2428 0.000169782
 13.4923 -16.8668 -9.86953	13.4937 -16.8631 -9.86834 0.00421069
 19.4748 25.3495 -22.6785	19.4742 25.3549 -22.6795 0.00549707
 -24.295 -32.5064 -23.1309	-24.2949 -32.5052 -23.1312 0.00129013
 14.7543 12.4272 -17.6015	14.7527 12.4268 -17.6019 0.00175765
 -5.41254 17.521 11.6007	-5.4107 17.5194 11.6029 0.00332467
 7.81442 -5.75163 63.4208	7.81442 -5.75164 63.4194 0.00136551
 0.787273 15.085 0.118888	0.785823 15.0868 0.11777 0.00260198
 -0.422555 -12.2799 -33.8648	-0.42314 -12.2802 -33.8645 0.000679289
 -31.8035 -11.286 -46.6788	-31.8043 -11.2859 -46.6818 0.00310167
 -9.65114 -1.50012 18.0425	-9.65159 -1.5002 18.0426 0.000461093
 -13.3176 -12.8143 -47.7268	-13.3176 -12.8143 -47.7267 4.42738e-05
 6.89921 23.7594 22.3022	6.89921 23.7595 22.3022 5.67664e-05
 16.526 18.759 53.151	16.5238 18.7564 53.1505 0.00338945
 14.5816 21.666 43.0776	14.5795 21.6614 43.0773 0.00499452
 -8.68975 7.39306 31.2524	-8.68807 7.3943 31.252 0.0021322
 19.85 25.6443 -13.8687	19.8493 25.6529 -13.869 0.0086804
 36.9334 7.90207 -13.0457	36.9258 7.90022 -13.0428 0.00833675
 -4.0802 23.4891 17.814	-4.0806 23.4933 17.8128 0.00447156
 7.8085 20.3212 55.1529	7.81007 20.3165 55.1528 0.00493266
 -36.7905 -9.78122 -43.5692	-36.7934 -9.78106 -43.5715 0.00376166
 -13.8914 -10.6156 0.132671	-13.8914 -10.6156 0.132645 4.58385e-05
 4.87821 -7.64947 26.9588	4.87907 -7.65448 26.9597 0.00517105
 -16.0296 -31.838 -30.3533	-16.0296 -31.8381 -30.3533 0.000190628
 -6.92294 -11.3922 3.92247	-6.92328 -11.3932 3.92293 0.00120613
 3.85148 -8.28466 24.609	3.85246 -8.28967 24.6099 0.00518784
 17.763 13.9173 62.7061	17.7637 13.9177 62.7072 0.00130018
 -23.7667 -0.855137 -47.1138	-23.7666 -0.8547 -47.1148 0.00108744
 25.547 23.7058 -15.794	25.5456 23.7032 -15.794 0.00292795
 36.993 5.83795 -14.6445	36.9943 5.83812 -14.6447 0.00128799
 -0.502318 -20.503 -27.22	-0.496847 -20.5059 -27.2207 0.00622504
 28.4518 -8.54676 3.8524	28.4525 -8.54851 3.85299 0.00198697
 -3.87544 -9.87887 13.5222	-3.87255 -9.87206 13.5209 0.0075011
 22.5935 9.97302 49.1884	22.5895 9.97206 49.1876 0.00424376
 -2.71238 -22.9257 -19.5985	-2.71706 -22.9207 -19.6002 0.00707544
 -4.66668 -1.35822 62.9676	-4.66353 -1.35741 62.9641 0.00477303
 -39.2109 2.78596 -29.4202	-39.212 2.78672 -29.4202 0.00131052
 21.6952 8.62722 56.96	21.6915 8.62699 56.9596 0.00365369
 -27.8664 4.88002 -40.9581	-27.8642 4.87606 -40.9539 0.00619506
 19.9314 -1.49594 48.4416	19.9376 -1.50258 48.4422 0.00908699
 14.9681 21.7975 36.6759	14.9681 21.7972 36.6759 0.000216674
 -8.56275 8.00247 32.9767	-8.5681 8.00056 32.9775 0.00573566
 -5.97865 -24.7893 -34.9265	-5.97757 -24.7905 -34.927 0.0016522
 -4.72615 15.8157 9.31505	-4.72831 15.8183 9.31284 0.00404719
 -40.0962 -6.90456 -14.2192	-40.0991 -6.90377 -14.2172 0.00366241
 -18.7751 -22.6643 -8.55273	-18.7752 -22.6639 -8.55343 0.000844733
 -4.10981 13.9427 57.1895	-4.10942 13.9424 57.1895 0.000497398
 15.669 -17.3734 -6.35813	15.6687 -17.3675 -6.35923 0.00608365
 3.75913 21.4424 3.26912	3.76006 21.4418 3.26948 0.00112528
 -7.79031 -26.6371 -18.2141	-7.78758 -26.6396 -18.2124 0.00405629
 -6.74762 3.27425 51.4958	-6.74277 3.27468 51.4962 0.00488411
 33.3615 13.2383 -20.416	33.3603 13.2376 -20.4155 0.00143022
 -34.0992 -26.4264 -17.6127	-34.0982 -26.4253 -17.6133 0.00158134
 -34.9951 -21.4081 -12.3565	-34.995 -21.408 -12.3567 0.000243325
 -24.9307 -12.1004 -6.11984	-24.9302 -12.1004 -6.12151 0.00173847
 -12.2774 19.8274 35.0949	-12.2763 19.8269 35.0938 0.00158523
 18.3593 23.9781 15.2367	18.3619 23.9865 15.2384 0.00890491
 -18.8329 -12.5276 -49.0492	-18.8337 -12.5272 -49.0457 0.00360474
 2.52285 23.3017 28.0233	2.52216 23.2969 28.0226 0.0049414
 13.7689 12.2991 63.1172	13.7689 12.2991 63.1165 0.000644466
 -8.17036 2.06216 27.6502	-8.16892 2.06239 27.6499 0.00149067
 34.5454 6.14432 -21.704	34.543 6.14389 -21.7026 0.00286998
 -28.0842 -6.2667 -8.28819	-28.0841 -6.26949 -8.29341 0.00592313
 -24.4194 -28.7482 -14.1803	-24.4194 -28.7484 -14.1802 0.000228047
 -9.00341 -0.295576 22.5286	-8.99782 -0.294452 22.5271 0.00590169
 19.8022 20.5003 29.846	19.8026 20.5007 29.8462 0.000608183
 8.53133 21.8024 34.9782	8.53115 21.8046 34.9786 0.00229833
 3.00899 -11.8503 9.8096	3.00684 -11.8617 9.81077 0.0117047
 -39.8322 -16.1765 -34.0001	-39.8335 -16.1767 -34.0001 0.00139082
 23.8519 24.5482 -11.0248	23.8502 24.5449 -11.0248 0.00372958
 29.153 -2.90663 15.9161	29.1526 -2.90601 15.9158 0.00082702
 -18.446 -32.4678 -29.7707	-18.4459 -32.468 -29.7708 0.000291917
 10.5018 -13.3366 4.14619	10.5016 -13.3315 4.14413 0.0054759
 -7.49755 18.9086 39.1607	-7.49702 18.9081 39.1601 0.000899465
 1.68172 20.5222 6.09553	1.67671 20.5267 6.09258 0.00735605
 -20.8671 -18.2024 -47.6471	-20.867 -18.202 -47.6456 0.00157305
 23.474 -7.58663 8.8705	23.4754 -7.59174 8.87187 0.00545392
 17.155 1.80855 62.9566	17.155 1.80856 62.9595 0.00293968
 32.4549 15.4707 -19.2108	32.4584 15.4727 -19.2118 0.00413436
 -7.12898 -0.339221 -40.2598	-7.12831 -0.33872 -40.2603 0.00100147
 8.30561 4.2973 63.047	8.30532 4.29717 63.0444 0.00261568
 -12.601 7.21054 -12.8807	-12.6022 7.21355 -12.8799 0.00334376
 -11.8562 -30.4979 -29.2907	-11.8544 -30.501 -29.2912 0.00357233
 29.484 12.8192 17.491	29.487 12.82 17.4928 0.00355549
 22.6306 -4.05981 25.0512	22.6305 -4.05958 25.0511 0.000269734
 -38.0869 -11.9494 -41.8786	-38.0858 -11.9495 -41.8778 0.0013346
 -7.08154 5.47989 50.5047	-7.08181 5.47985 50.5047 0.000271623
 -31.7872 7.61996 -18.5716	-31.7853 7.61742 -18.5729 0.00337573
 -7.03769 6.56311 54.039	-7.03437 6.5624 54.039 0.00339749
 -18.8715 -4.45511 -1.80947	-18.8717 -4.45518 -1.80921 0.000302032
 1.59831 2.61498 -22.3355	1.59725 2.61398 -22.3344 0.0018506
 -29.271 7.41107 -36.7566	-29.2692 7.40659 -36.7549 0.00510457
 -0.645502 -6.08506 44.4692	-0.647139 -6.08879 44.4694 0.0040756
 -15.0368 13.6268 30.7741	-15.0409 13.6237 30.7763 0.00557613
 -12.7842 22.1512 31.2427	-12.7872 22.1553 31.2449 0.00554637
 19.1144 16.5962 -31.0214	19.1144 16.5964 -31.0218 0.000430468
 -4.5931 20.4816 38.6881	-4.59206 20.4757 38.6858 0.00638036
 12.1945 18.0505 -17.9996	12.1964 18.0513 -17.9996 0.00205512
 -40.6614 0.71038 -29.5135	-40.6641 0.712224 -29.5136 0.00328104
 -15.1103 -31.7507 -29.0047	-15.1118 -31.7463 -29.0041 0.00466671
 11.6677 -6.40165 -21.8859	11.6677 -6.40162 -21.8858 0.000156435
 19.1626 25.1488 -23.5272	19.163 25.1462 -23.5266 0.00266459
 -5.03756 3.11044 -28.4987	-5.039 3.10954 -28.498 0.00184541
 1.53529 1.00982 -23.7702	1.53294 1.0087 -23.7679 0.00345203
 -1.05104 19.6886 9.00828	-1.05451 19.6924 9.00559 0.00576376
 -3.11704 -5.15693 42.2824	-3.11524 -5.15483 42.2824 0.00276722
 -22.5316 -32.3862 -22.6102	-22.5311 -32.3923 -22.609 0.00615369
 6.45018 15.7179 63.1799	6.45023 15.718 63.1781 0.0018275
 8.31867 -16.0759 -5.45919	8.32055 -16.0658 -5.46086 0.0103742
 -37.9698 -8.38378 -10.7324	-37.9687 -8.38399 -10.7332 0.00137385
 20.1511 14.8965 51.4457	20.1532 14.8979 51.446 0.00248224
 -9.6744 7.23193 -8.29606	-9.67324 7.22917 -8.29626 0.00300711
 1.8986 -17.8906 -10.1889	1.89939 -17.8919 -10.1884 0.00162563
 24.833 14.3269 -28.7531	24.8324 14.3259 -28.7516 0.00193875
 -0.64144 10.859 63.3073	-0.64144 10.8589 63.3063 0.0010354
 19.5205 -1.18057 -23.6373	19.5211 -1.18046 -23.6363 0.00112749
