200 ../OUTPUT/PA4-H-Unknown-Output.txt 0
 -30.9666 5.32405 -29.6988	-32.783 8.2231 -30.0611 3.44026
 -16.9804 -34.2212 -16.4039	-18.4494 -31.0738 -17.7093 3.7106
 -7.37343 3.49816 -19.4809	-6.23593 7.44593 -19.9694 4.13733
 21.1257 1.99391 55.7216	20.9323 2.07449 55.7014 0.210492
 -5.62312 -28.3961 -17.5457	-7.51433 -26.6926 -18.7266 2.80588
 -11.1377 -27.0627 -39.1755	-11.3801 -26.6416 -38.8714 0.573177
 -28.6399 -33.0734 -13.939	-26.6649 -30.013 -16.3852 4.3875
 -38.6615 -25.1423 -13.204	-36.2256 -22.6481 -15.1339 3.98482
 10.9999 22.4139 -1.35715	9.47131 24.6681 -2.06257 2.81351
 11.1315 8.51697 65.474	11.0627 8.77289 63.054 2.43447
 -7.34595 -2.65189 55.6984	-5.35399 -1.72491 55.6984 2.19709
 -27.4242 -5.05616 -8.44122	-27.2725 -5.24597 -8.72335 0.372335
 26.6661 -4.2359 -26.7096	26.7426 -4.07358 -26.4864 0.286446
 -8.57771 -0.145186 -33.7209	-5.4777 1.27428 -33.5251 3.41516
 30.0158 10.086 16.1809	30.8263 10.4629 16.7372 1.05285
 7.92565 16.9803 56.4631	6.86782 19.9599 56.5852 3.16413
 24.9697 19.6007 -15.1479	27.0866 22.8837 -15.0851 3.9068
 6.71725 18.4834 -1.97463	5.30509 18.8795 -2.55268 1.57647
 -4.11662 16.8914 41.1918	-4.91045 18.3266 41.7348 1.72769
 -3.16123 -10.5127 -29.8672	-0.759481 -9.168 -31.1624 3.04208
 30.4939 15.6565 -5.36514	32.9388 17.6519 -5.14586 3.16345
 8.33685 16.9359 58.7669	8.73897 19.282 60.6727 3.04924
 1.99488 16.093 5.34577	0.762913 17.5362 4.09525 2.27253
 8.32014 22.3881 7.89136	7.48636 25.3907 8.0403 3.1198
 -0.297115 -20.6172 -5.11515	-0.941848 -16.8931 -7.00127 4.22399
 31.9769 7.46019 15.1421	32.1964 7.51139 15.2896 0.269467
 -6.9502 -1.63223 -31.5897	-4.67259 -0.276863 -31.6205 2.65057
 27.1081 12.5407 -22.5542	29.6521 14.7187 -24.7508 4.00505
 -41.8969 -2.99506 -24.2567	-42.5496 -2.71089 -24.1704 0.7171
 -36.032 0.487935 -13.4264	-35.861 0.387161 -13.5914 0.258135
 -6.66435 -26.7562 -34.4646	-7.18457 -26.2743 -34.244 0.742658
 -17.5472 -34.2503 -32.8317	-18.015 -31.9162 -32.3365 2.43146
 -7.831 0.136272 59.2908	-6.13803 0.706599 58.8984 1.82905
 20.7958 -1.33784 53.4053	20.0019 -0.517739 53.1566 1.16821
 29.3085 -2.84473 -25.5106	29.306 -2.87031 -26.0414 0.531337
 35.7653 -4.62284 11.569	34.4215 -3.52064 10.2438 2.18566
 16.5221 16.6987 -26.9864	15.3397 15.2726 -30.0784 3.60447
 -21.0874 -31.1897 -38.7591	-20.9737 -29.7978 -37.9083 1.63527
 -7.96257 2.90125 62.2717	-6.30026 3.53382 62.1193 1.78511
 33.5857 -5.63274 -18.4244	33.6984 -5.71328 -18.4556 0.141965
 -42.4348 -21.167 -27.6284	-41.069 -20.3719 -27.5521 1.5822
 -6.25935 3.08501 -20.2209	-5.08688 7.03075 -20.649 4.13846
 5.60592 14.3219 64.9121	5.65885 14.3782 63.1129 1.80088
 -41.4507 -24.2777 -28.622	-39.4071 -22.9406 -28.2908 2.46446
 32.7725 -8.8367 10.7751	31.2946 -5.87894 9.62679 3.50018
 -8.74202 7.70827 41.9411	-7.0653 7.79895 41.7028 1.69599
 -7.47251 6.77651 49.0051	-6.98168 6.68689 49.0301 0.499576
 -23.771 -28.946 -7.37882	-23.0245 -26.0111 -10.6199 4.43573
 -22.997 -14.0676 -1.81375	-22.0741 -12.4126 -4.90035 3.62191
 -42.5346 -12.1646 -13.3401	-40.4981 -11.8674 -14.744 2.49126
 32.2912 -10.7688 -14.0795	30.9364 -9.73203 -14.1972 1.71001
 8.19889 9.46721 -7.70604	7.23275 11.986 -9.93624 3.5002
 9.66813 17.4444 51.3241	9.10799 21.0907 50.9718 3.70585
 14.7971 -9.21328 44.401	13.6947 -5.97395 44.1016 3.43487
 -3.30144 12.475 53.0494	-4.72834 13.3569 53.1197 1.6789
 14.346 7.3558 -22.5642	16.5217 7.55211 -22.0954 2.23427
 16.1868 -7.70964 52.6549	15.0423 -4.99605 52.3564 2.96017
 32.6936 -6.96689 13.5001	31.2653 -5.02088 11.8745 2.91027
 16.0563 16.491 -27.3341	15.0488 15.2759 -29.9687 3.07126
 20.9562 3.10112 57.8399	20.9165 3.10899 57.8346 0.0408611
 -9.37921 -29.4981 -34.5621	-9.90576 -28.5108 -34.0308 1.23873
 1.79325 18.8323 11.0444	0.20583 21.2652 10.176 3.03198
 17.6351 -18.6054 -0.446354	16.2934 -15.8046 -2.51531 3.73163
 0.283034 -10.8459 64.5322	1.28741 -6.79138 62.8837 4.49064
 14.4816 23.0602 -1.92013	13.931 26.9523 -1.61849 3.94243
 -18.0626 -20.6191 -45.0392	-17.6366 -21.2772 -45.993 1.23462
 31.5659 12.6456 11.9331	32.3349 12.9816 12.7677 1.18352
 31.1382 -2.387 17.8401	30.0573 -1.54274 16.9925 1.61231
 17.3131 -9.5465 28.2306	16.2361 -6.0985 28.1838 3.61256
 27.2619 -5.10601 22.1359	25.7055 -3.35268 21.3492 2.47293
 -7.47733 0.0827911 63.216	-5.70784 0.302322 62.4049 1.95884
 38.3012 1.32918 -6.48037	39.1514 0.740029 -6.47253 1.03437
 -17.891 -36.1002 -25.021	-18.3139 -32.3894 -25.2672 3.7429
 -22.5591 -12.9233 -1.41463	-21.5247 -11.6901 -4.3487 3.34656
 -12.0276 -32.9919 -30.6111	-12.7695 -30.7898 -30.3075 2.34347
 20.9899 3.97297 57.3918	21.139 3.94344 57.412 0.153308
 32.0386 3.87925 16.2421	31.9685 3.87872 16.1923 0.085965
 -14.2411 14.2952 37.2126	-12.3458 15.3335 35.4454 2.7916
 1.93829 15.1895 4.73096	0.5953 16.7627 3.36774 2.47732
 1.65787 19.8126 27.5948	2.1569 23.3393 28.0891 3.59592
 -6.00203 18.3519 18.4091	-6.87921 21.6051 16.0609 4.10693
 5.55708 16.4686 53.2208	4.64855 19.4114 53.4716 3.08998
 -18.1825 -34.1269 -33.3942	-18.5798 -31.9046 -32.8758 2.31629
 -26.8856 7.51351 -20.1203	-27.4715 9.53199 -18.9347 2.41313
 24.2522 3.25289 36.7653	24.3872 3.23218 36.7885 0.138529
 -33.0111 -24.0832 -6.62635	-30.7794 -22.1319 -9.28182 3.97994
 10.1507 20.8965 -4.26697	8.21436 22.2624 -5.35546 2.60767
 6.87848 -19.8718 -4.13065	7.63606 -15.8282 -4.79974 4.16804
 11.8884 17.9108 49.3134	11.0244 21.3646 48.9764 3.57614
 -32.8312 -10.3852 -43.8897	-34.0671 -10.2293 -45.9612 2.41726
 6.24596 -19.8567 -7.63382	5.03747 -16.4432 -8.19918 3.66498
 -7.72898 -3.05582 38.3598	-5.833 -2.38244 38.0632 2.03375
 10.2606 20.9385 18.2597	10.4008 24.3892 18.7743 3.49166
 32.9008 12.8733 -6.34976	35.4304 14.7239 -6.44628 3.13572
 -1.31879 -14.4485 16.8783	-1.25744 -10.299 16.0235 4.23716
 -17.052 -15.356 -46.0905	-16.7481 -16.0793 -47.7401 1.82665
 30.3925 -6.27505 -23.1838	30.7713 -6.57804 -23.5171 0.588574
 22.9274 3.21144 44.1739	23.0025 3.19857 44.1909 0.0780691
 6.42027 -19.8404 -4.10019	7.18834 -15.7408 -4.77854 4.22575
 -1.93615 -10.3472 38.4048	-0.338706 -6.49583 38.2277 4.17324
 -6.94231 10.7653 11.8024	-8.78426 11.9201 10.7057 2.43496
 -29.7689 -17.0757 -3.69079	-29.1845 -15.5299 -7.03213 3.72767
 -10.0273 -24.4938 -40.5146	-10.0579 -24.4585 -40.4803 0.0579794
 25.3219 19.0549 9.3096	26.9562 21.5594 10.3903 3.17981
 -17.9443 -16.4665 -46.1339	-17.6545 -16.8554 -47.6088 1.55251
 24.8017 7.98258 31.0888	25.9287 8.08328 31.4022 1.17415
 -26.5173 -3.73491 -9.20117	-26.4763 -3.78618 -9.27739 0.10059
 16.4764 16.2889 45.0698	18.613 18.0834 45.4131 2.81131
 -34.0417 -29.0725 -36.0083	-33.0005 -27.3098 -35.2701 2.17629
 19.6761 9.84857 -28.5857	19.4393 9.56496 -29.0214 0.571236
 -24.3625 -16.3506 -46.2304	-24.7598 -16.9547 -47.7687 1.69965
 -2.59366 14.8904 10.9915	-4.04636 16.5355 9.49637 2.65558
 31.3616 -5.14413 -22.3965	32.0006 -5.65523 -22.9587 0.992814
 -8.65513 1.66998 35.5447	-6.90872 1.79505 35.318 1.76549
 -12.888 -9.04506 -44.5447	-11.9774 -8.79422 -47.465 3.06929
 -2.55488 5.80732 -8.01555	-3.62676 9.27579 -8.7454 3.70295
 -12.5941 14.0277 18.9765	-13.5494 13.7151 18.2292 1.25247
 25.4145 17.0426 15.218	26.8226 18.2014 15.7535 1.90057
 36.2734 0.177436 -11.7766	37.8437 -0.734991 -12.3269 1.89771
 -38.1181 1.59043 -25.9707	-39.563 2.5782 -25.9594 1.75029
 10.8472 22.2166 13.3119	10.676 25.0229 14.0205 2.89944
 -21.5541 -8.49655 -1.58065	-20.8119 -8.43923 -3.54431 2.1
 3.05398 -13.8298 18.6687	2.42834 -9.94872 17.6409 4.06336
 -42.4953 -18.7357 -27.6326	-41.9585 -18.4582 -27.6455 0.604427
 21.909 -12.1563 9.05004	20.9403 -8.47805 8.0597 3.93046
 12.8067 3.82462 65.4126	12.972 3.73934 63.024 2.39583
 -30.9529 -24.4173 -5.70695	-29.7195 -22.0734 -8.70351 3.9993
 -8.02906 1.67171 60.1655	-6.43587 2.20842 59.7962 1.72125
 5.05484 -11.3341 28.8876	4.73483 -7.47212 28.7422 3.87795
 -32.8595 -11.9229 -44.3095	-33.356 -11.8332 -46.3237 2.07642
 -40.35 -0.703911 -22.6896	-40.9971 -0.352499 -22.5533 0.748912
 -4.65096 -10.6574 32.0783	-3.11219 -6.92026 31.2246 4.13076
 -4.59919 -13.1644 20.5485	-3.21635 -9.24235 20.0504 4.18843
 -26.6747 -33.0111 -12.8643	-25.6258 -28.9321 -14.5385 4.53225
 7.789 -18.607 -14.4162	7.39487 -16.2881 -14.4208 2.35217
 10.6129 11.3381 65.4735	10.5668 11.3241 63.1575 2.31649
 -16.2051 17.1715 26.1635	-16.4186 17.2067 26.1766 0.216836
 -37.6881 -23.3795 -10.0457	-35.5294 -21.5601 -12.8452 3.97579
 -26.4995 -21.0876 -4.15983	-26.0595 -20.9745 -6.9835 2.85999
 -35.1077 -30.2803 -15.1786	-32.6831 -27.2403 -16.6976 4.17463
 20.0575 8.35873 58.2521	21.5051 8.45268 58.4551 1.46485
 28.2895 -12.4334 -19.7819	27.7137 -11.6293 -19.4409 1.04608
 -17.1451 -17.4909 -46.0491	-16.916 -17.7984 -47.215 1.22736
 8.09781 -11.3561 -19.4846	9.05851 -12.0218 -20.4631 1.52428
 -22.9788 -36.3964 -22.4848	-23.2826 -32.5792 -23.2462 3.90431
 4.78465 -1.11197 -17.6543	5.72525 1.62268 -20.947 4.38232
 12.6889 20.4938 -9.38126	10.3914 21.1823 -10.6618 2.71885
 3.05554 -11.2821 32.0649	2.83847 -7.43789 31.7077 3.86684
 -16.076 -12.578 -45.6871	-16.14 -12.7673 -48.4031 2.72339
 -18.6526 3.65876 -37.6262	-19.3866 6.86351 -40.1939 4.17159
 -8.39504 -0.0798765 -33.2877	-5.48764 1.23807 -33.1052 3.19739
 -30.2731 3.74306 -34.2948	-31.8316 6.60345 -35.683 3.54086
 20.9751 -17.5667 -15.7072	20.6294 -15.9001 -15.5822 1.70664
 4.38248 -20.3225 -7.55843	3.64919 -17.047 -8.87704 3.60625
 -2.29445 13.324 8.73046	-4.01365 14.8849 7.65962 2.55707
 23.0878 -6.85995 27.5964	21.7257 -4.22489 27.2604 2.98528
 31.1435 14.1236 -12.4643	33.9605 16.2956 -12.7101 3.56551
 22.3696 -19.2773 -10.4398	20.9977 -16.8707 -10.5186 2.77124
 -14.2661 -1.66825 -41.1185	-12.0972 0.0502487 -44.164 4.11489
 25.9422 19.1397 6.57853	27.6989 22.1209 7.22764 3.52058
 -5.42828 16.8005 40.8723	-6.02742 17.8341 41.4036 1.30752
 -5.72072 -4.24221 -32.4877	-3.22622 -3.82502 -32.9653 2.57386
 12.1265 7.1137 65.4667	12.1516 7.27559 62.9481 2.52398
 5.30764 17.1095 43.7832	4.76767 20.2396 44.161 3.19869
 28.5833 9.01096 19.6163	29.5069 9.10738 20.0164 1.01117
 -7.17113 6.32398 3.26338	-8.93102 8.30541 2.95706 2.66779
 10.1818 -18.1277 4.13292	10.0607 -13.984 2.52979 4.44466
 -16.9389 4.75589 -14.4001	-17.4753 5.96041 -13.2284 1.76392
 -4.27131 14.7631 12.6767	-6.08436 15.8597 11.2906 2.53198
 -6.74342 13.0782 13.9536	-8.30244 14.6187 12.4725 2.64529
 17.7612 -13.3001 9.30492	16.7104 -10.1967 7.70161 3.64771
 25.5292 -8.84861 17.4134	24.2896 -5.47573 16.5082 3.70574
 -12.5541 -13.0641 -44.9229	-11.9314 -13.2923 -47.1304 2.30502
 -10.1923 -29.81 -13.5107	-11.276 -27.6359 -15.9796 3.46359
 -14.6771 18.9504 25.4915	-16.0866 19.2175 25.5473 1.43564
 -11.0566 -15.982 3.18429	-10.0169 -12.0222 1.16439 4.56519
 -43.5149 -12.3904 -15.3893	-41.4685 -12.294 -16.5065 2.33352
 -10.0883 -14.4538 5.83484	-8.45991 -10.7884 3.833 4.48264
 15.2769 21.038 -16.927	13.6698 23.1347 -17.2216 2.65818
 -10.4103 -13.4153 7.56125	-8.80479 -9.70985 5.51789 4.52587
 24.2977 20.1579 4.34782	25.9329 23.4513 4.63726 3.68838
 1.03462 -11.0156 62.7602	1.82374 -7.20247 62.0534 3.95758
 -40.1252 -0.436509 -24.3961	-41.0956 0.104803 -24.2019 1.12807
 15.8348 -6.63077 63.9405	14.4002 -4.67674 61.8909 3.17441
 10.6946 17.6997 48.1856	9.87678 20.9693 47.8666 3.3853
 -23.2416 -28.0211 -6.48287	-22.5029 -25.1169 -9.69006 4.38932
 25.475 14.255 19.2538	27.0278 15.1574 19.7189 1.85523
 -12.2161 -7.49455 -43.3199	-10.9687 -7.25941 -47.0186 3.91055
 -42.1472 -18.8257 -28.165	-41.8583 -18.6764 -28.1719 0.325229
 -16.5131 16.7811 26.5151	-16.4695 16.774 26.5124 0.0442706
 1.51216 16.4611 6.81653	0.103808 18.0912 5.57486 2.48647
 -8.85882 -29.628 -14.8522	-10.4298 -27.8023 -16.5273 2.93379
 -36.5535 -2.96208 -10.9524	-36.172 -3.26747 -11.6913 0.885938
 22.7833 -14.361 2.60534	21.5167 -10.9701 1.18788 3.88734
 -35.7664 -2.12564 -37.562	-37.6188 -0.905914 -38.9674 2.62569
 -16.8425 16.3958 26.9633	-16.4339 16.4259 26.9391 0.410418
 21.0413 -6.41643 -23.0968	20.7163 -6.70218 -23.9623 0.967734
 -10.0837 -28.8937 -12.3911	-11.3976 -26.0752 -14.2457 3.62075
 -5.23507 5.22987 -8.93178	-6.28481 8.49596 -8.67674 3.44011
 -43.8743 -20.1354 -21.787	-41.4147 -19.1901 -22.2025 2.66751
