75 ../OUTPUT/PA4-A-Debug-Output.txt 0
 27.6905 22.7632 0.320295	27.6895 22.762 0.320174 0.0015283
 2.12943 -7.5162 31.3169	2.12932 -7.51426 31.3167 0.0019451
 14.1871 -0.895793 62.9924	14.1871 -0.895798 62.9933 0.00089453
 19.103 -13.808 -1.64973	19.1009 -13.8034 -1.65276 0.00589744
 34.3528 5.72014 -22.1295	34.3506 5.72006 -22.1282 0.00254362
 -6.72016 23.9213 19.8401	-6.72037 23.9265 19.8382 0.00555008
 -1.30463 -18.9072 -34.8877	-1.30565 -18.9069 -34.887 0.00127424
 -9.33319 21.5807 35.4235	-9.33416 21.5837 35.4256 0.00383884
 -11.9133 9.1497 17.8407	-11.9142 9.14951 17.8405 0.000991813
 10.497 15.381 63.1434	10.497 15.381 63.1444 0.00102199
 -33.4934 5.64884 -35.7994	-33.4938 5.6495 -35.7998 0.000812829
 4.07748 -7.05586 37.4306	4.07739 -7.05809 37.4307 0.00223431
 7.63117 24.4053 1.5201	7.63121 24.4052 1.52011 6.02075e-05
 -26.1856 9.94133 -34.1527	-26.1851 9.93946 -34.1522 0.0019708
 -16.2772 15.2319 22.5403	-16.2781 15.2315 22.5404 0.000949462
 -12.0756 -25.3457 -40.9727	-12.0758 -25.3453 -40.9724 0.000542807
 -32.6826 -18.4765 -8.93916	-32.6835 -18.4769 -8.93745 0.00194982
 1.57049 -6.40521 -26.8328	1.57072 -6.40518 -26.833 0.000308029
 0.973296 22.0642 10.6805	0.973408 22.0641 10.6806 0.00016928
 -31.5147 -30.1041 -25.6622	-31.5153 -30.1052 -25.6621 0.00121918
 -10.4294 7.24499 24.8971	-10.4281 7.24557 24.8968 0.00149289
 -14.7465 -23.8062 -43.3991	-14.7464 -23.8068 -43.3997 0.000811459
 -35.474 -0.120983 -40.8593	-35.474 -0.120996 -40.8593 2.14928e-05
 -26.2074 4.9322 -14.1896	-26.2076 4.93277 -14.188 0.00178034
 24.033 3.06231 38.7202	24.0298 3.0628 38.7196 0.00327054
 -40.6423 -16.1469 -16.4141	-40.6426 -16.1469 -16.414 0.000413527
 15.9342 9.30468 -20.5131	15.9381 9.30546 -20.5122 0.00412825
 23.4464 24.7342 -12.3696	23.4464 24.7343 -12.3696 9.70605e-05
 32.923 15.3626 10.145	32.9247 15.3639 10.146 0.00233753
 31.4192 -3.18225 -25.323	31.4222 -3.1833 -25.3258 0.00423829
 -12.9867 -9.4946 2.29235	-12.9873 -9.49526 2.29297 0.00109976
 7.68066 -16.055 -6.55281	7.68077 -16.0528 -6.55284 0.0022112
 -21.4968 2.21369 -44.6393	-21.4968 2.21372 -44.6393 4.97766e-05
 -5.17796 23.824 32.1306	-5.17831 23.8229 32.13 0.001308
 -4.56644 -17.2549 -6.92892	-4.566 -17.2586 -6.9269 0.00425981
 -0.0171283 -9.35735 21.5303	-0.016998 -9.35254 21.5296 0.0048628
 14.0215 7.59706 63.0774	14.0216 7.59714 63.0761 0.00134162
 11.2774 18.7147 -13.3643	11.2761 18.7143 -13.3647 0.00145165
 37.5677 11.234 -6.77322	37.5702 11.2353 -6.77375 0.00290392
 -3.62636 10.9948 -2.29293	-3.62644 10.995 -2.29299 0.00017509
 17.0307 -6.61479 20.6671	17.0303 -6.61263 20.6669 0.00220102
 -38.255 3.87579 -28.4524	-38.2539 3.87485 -28.4522 0.00148514
 12.4074 -17.076 -5.39936	12.4073 -17.0764 -5.39927 0.000400346
 -22.3472 8.19037 -38.6563	-22.3473 8.19184 -38.6572 0.00169755
 -6.95901 6.60223 44.8174	-6.95787 6.60226 44.8174 0.00114107
 22.0338 8.61401 53.8505	22.0306 8.61396 53.85 0.00324414
 26.1306 4.30534 30.707	26.1326 4.30521 30.7075 0.00197966
 25.3534 23.7638 4.37041	25.3529 23.7627 4.37032 0.00115893
 -25.8678 -17.0774 -6.71938	-25.8682 -17.0777 -6.71821 0.00128323
 -39.3734 -22.7643 -29.2192	-39.3725 -22.7636 -29.2191 0.00112364
 28.395 -2.36361 -27.1927	28.3964 -2.36513 -27.1944 0.00269345
 21.577 25.554 -6.27965	21.5765 25.5527 -6.27957 0.00138883
 30.6768 6.78973 18.2503	30.6785 6.78992 18.2512 0.00188191
 -37.1304 -10.8681 -43.2078	-37.132 -10.868 -43.209 0.00206685
 -14.707 -4.84014 3.96083	-14.7085 -4.84068 3.96194 0.00194723
 -8.95958 -1.9604 21.1836	-8.96114 -1.96069 21.1839 0.00160552
 4.48042 6.95914 63.3706	4.48043 6.95914 63.3706 6.78664e-06
 -1.56884 7.13643 -19.2225	-1.56925 7.13254 -19.2211 0.00416906
 -37.9287 -7.65384 -10.8723	-37.9271 -7.65414 -10.8734 0.00193841
 12.3236 -8.47565 14.7807	12.3237 -8.47611 14.7808 0.000485905
 19.2212 1.99659 -24.1926	19.2218 1.9968 -24.192 0.000886536
 3.86735 18.7343 60.5705	3.86809 18.7325 60.5704 0.00196444
 13.5873 -15.125 -14.3991	13.5861 -15.1293 -14.4008 0.0047474
 20.9789 24.8937 -22.0934	20.9803 24.8966 -22.0939 0.00325946
 -40.4432 -14.1307 -15.2091	-40.4439 -14.1309 -15.2086 0.000922654
 0.000812568 -9.84815 -29.8726	0.00103321 -9.84809 -29.8727 0.000273469
 -3.09015 11.9412 -0.74989	-3.09284 11.9451 -0.751053 0.00487281
 1.40692 17.8597 59.2503	1.407 17.8595 59.2503 0.000244946
 1.65132 19.5479 45.5177	1.65264 19.5402 45.5178 0.00782241
 6.07042 22.3454 31.1925	6.0706 22.3411 31.1914 0.00445932
 23.71 5.28548 42.4132	23.7093 5.28557 42.4131 0.000682906
 27.6214 1.27695 24.0774	27.6212 1.27703 24.0773 0.000238259
 27.885 3.96637 -29.9727	27.886 3.9667 -29.9742 0.00181336
 19.2336 24.9451 9.76688	19.2344 24.9477 9.76753 0.00279409
 -43.5466 -7.50637 -21.8791	-43.5458 -7.50636 -21.8791 0.000798765
