200 ../OUTPUT/PA4-F-Debug-Output.txt 0
 15.0179 -5.72282 35.5466	15.0076 -5.6647 35.5451 0.0590332
 -16.3196 -1.13272 1.4452	-16.3706 -1.123 1.47703 0.0608908
 20.8784 -11.6615 0.468488	20.8633 -11.6363 0.453752 0.0329181
 -25.4192 -23.0868 -8.43716	-25.4145 -23.0708 -8.46531 0.032726
 3.1428 -5.46427 63.5004	3.14196 -5.46416 63.4628 0.0376682
 35.8326 5.49945 -19.1288	35.7809 5.50816 -19.1074 0.0566684
 -39.8983 -22.0622 -23.3488	-39.8364 -22.0198 -23.3572 0.0755573
 -6.86352 9.19376 -1.8623	-6.8287 9.14459 -1.85533 0.0606515
 -28.1827 -29.5557 -35.7867	-28.159 -29.4821 -35.7431 0.088778
 7.653 12.8406 -9.45077	7.6582 12.8354 -9.43732 0.0153203
 14.5612 24.8635 14.3605	14.5679 24.9082 14.37 0.0461793
 1.14078 -5.84907 -27.1589	1.13857 -5.85043 -27.1571 0.00311262
 12.7357 23.8995 20.8317	12.7386 23.9503 20.8399 0.0515249
 9.69753 22.9332 -6.58459	9.59615 23.0106 -6.65001 0.143348
 -25.5499 11.3167 -22.7957	-25.5534 11.3442 -22.7885 0.028604
 23.395 11.8412 42.2858	23.1804 11.7757 42.2634 0.225464
 22.0782 25.6679 0.860682	22.0372 25.5595 0.849845 0.116395
 -5.68885 -0.685894 57.2287	-5.70991 -0.693233 57.2287 0.0223026
 -40.5511 1.10883 -24.4487	-40.5542 1.11099 -24.4486 0.00383179
 -19.024 -30.5901 -16.8721	-18.9951 -30.6991 -16.7758 0.148293
 33.6156 16.6435 -1.58604	33.6874 16.7089 -1.60255 0.0985485
 14.8164 25.7312 11.1438	14.8183 25.7442 11.1477 0.0137364
 -9.97714 17.5479 38.0192	-10.0333 17.5695 38.0775 0.0837508
 6.54301 20.7296 -3.47749	6.46463 20.7796 -3.50314 0.0964399
 -16.5268 5.32054 -42.2218	-16.5071 5.36543 -42.275 0.0723428
 11.747 24.0569 20.7936	11.7446 24.0141 20.7867 0.0433726
 31.5217 -6.90291 6.69006	31.5457 -6.94412 6.70992 0.0516195
 -12.868 10.9598 20.1287	-12.8845 10.947 20.1199 0.0227048
 -35.3856 3.30651 -36.8984	-35.4449 3.39046 -36.966 0.122993
 23.6145 -10.2089 1.01561	23.6297 -10.2584 1.03861 0.05666
 18.9507 19.9023 -28.9335	18.9955 19.9512 -29.0028 0.0958956
 -18.2856 6.59119 -41.0187	-18.2672 6.51076 -40.9542 0.104697
 -18.681 -5.7969 -48.366	-18.6887 -5.79921 -48.3385 0.0285755
 11.3548 25.5842 -4.63925	11.3098 25.6863 -4.66175 0.113837
 13.2794 -5.79099 53.4218	13.3173 -5.85922 53.4191 0.0780842
 -27.3227 -30.5812 -18.1171	-27.2752 -30.5147 -18.1467 0.0868834
 -11.3896 -29.9715 -30.4055	-11.3452 -30.0453 -30.4153 0.086652
 -1.80762 15.4618 61.7768	-1.8118 15.4676 61.7779 0.0072479
 -4.63771 14.3478 7.86173	-4.69999 14.4198 7.79148 0.118309
 -37.7399 -22.7268 -34.8034	-37.7277 -22.7197 -34.7984 0.0149983
 -22.2997 10.679 -34.6344	-22.3031 10.6936 -34.6374 0.0153443
 8.05974 -15.0718 -1.99039	8.02306 -15.1768 -1.97225 0.112691
 -32.5105 -22.8517 -41.4281	-32.5123 -22.8534 -41.4303 0.00324969
 20.3587 -10.7196 2.41963	20.3888 -10.773 2.4494 0.0681429
 -5.34643 -3.45813 36.8352	-5.33969 -3.45358 36.8343 0.00818396
 21.6161 -2.94282 33.9237	21.5953 -2.92335 33.9159 0.0295094
 27.0983 -3.83821 -26.7624	27.0948 -3.84573 -26.7728 0.013283
 -26.5267 -8.62281 -6.8333	-26.5244 -8.62411 -6.83716 0.00466785
 40.5841 3.72136 -4.6219	40.5896 3.72132 -4.62145 0.00557423
 28.196 22.1262 -5.98053	28.2986 22.2542 -5.97321 0.164169
 2.41793 21.0932 37.0153	2.42374 21.2083 37.0396 0.117735
 11.4943 4.44935 62.915	11.4937 4.45135 62.965 0.0499932
 28.5916 3.34892 22.4146	28.6244 3.3456 22.4277 0.0354441
 12.5201 11.177 63.1393	12.5195 11.1768 63.115 0.0243216
 17.8452 -10.0925 -20.7495	17.8422 -10.1003 -20.7584 0.0122068
 -42.7696 -16.3423 -23.8237	-42.7171 -16.317 -23.8321 0.0589159
 2.76495 21.9996 6.95259	2.80426 21.9473 6.97218 0.0683437
 -20.4344 -11.2624 -49.6079	-20.445 -11.2545 -49.4971 0.1116
 31.3159 -3.12618 -25.4382	31.3259 -3.1297 -25.4477 0.014294
 -35.7276 2.80115 -37.4147	-35.7316 2.80592 -37.4184 0.00727877
 -11.7693 -15.4879 -4.17468	-11.7692 -15.4905 -4.17298 0.00316614
 22.704 -1.21278 34.6232	22.8181 -1.31979 34.6659 0.162176
 -0.175389 -14.681 -33.8414	-0.204295 -14.6808 -33.8293 0.0313338
 -14.8006 10.9701 -30.0092	-14.854 10.8627 -29.9877 0.121859
 -3.68396 -17.9195 -8.19285	-3.69401 -17.8223 -8.23598 0.106853
 19.568 23.7796 14.9615	19.5434 23.6961 14.9439 0.0888242
 -39.7285 -16.4878 -14.8827	-39.7226 -16.4855 -14.8868 0.00754179
 -3.44569 -8.83735 -40.4051	-3.42979 -8.8333 -40.4189 0.0214305
 -5.38797 -10.4157 7.28513	-5.42899 -10.5794 7.34098 0.177729
 -10.9115 -7.45702 6.58017	-10.9279 -7.47364 6.58936 0.0250708
 -8.23144 17.6405 13.9787	-8.22879 17.6392 13.983 0.00519457
 19.7042 25.7426 7.13265	19.6461 25.5684 7.08171 0.1905
 -42.9142 -16.7544 -25.7944	-42.8011 -16.7002 -25.7999 0.125536
 -25.1932 -26.6945 -11.4751	-25.1922 -26.711 -11.4557 0.0254601
 -5.02884 -25.3735 -20.3617	-5.03115 -25.3712 -20.3628 0.00345071
 -42.3883 -7.34388 -18.1573	-42.4494 -7.34431 -18.1103 0.0770962
 17.8813 25.7898 -11.4493	17.8812 25.7832 -11.4483 0.0066669
 -5.4327 -24.6634 -34.561	-5.5398 -24.548 -34.5151 0.163982
 12.6405 23.8065 -11.3453	12.6392 23.8088 -11.3462 0.00279922
 -11.1219 8.17749 -16.8706	-11.1118 8.2203 -16.8514 0.0479597
 13.5078 7.38156 62.9737	13.5041 7.37851 63.0249 0.0514749
 9.64559 20.1537 -9.7466	9.59381 20.1692 -9.77546 0.0612718
 -30.1628 -19.8985 -7.9449	-30.1555 -19.892 -7.95978 0.0178217
 12.1363 -6.16778 61.0563	12.1541 -6.21257 61.0563 0.048203
 32.0556 5.26176 -26.1066	32.0104 5.26521 -26.0808 0.0521084
 -7.84369 24.9922 25.92	-7.83984 25.0895 25.9202 0.097358
 7.56493 25.2793 13.8531	7.59887 25.0478 13.8174 0.236689
 21.5863 -2.31274 37.3108	21.3787 -2.11362 37.2743 0.289995
 -3.07159 -21.0286 -14.8968	-3.04719 -21.0808 -14.8829 0.0592723
 24.6759 -6.09627 -25.6024	24.6748 -6.08467 -25.5746 0.0301404
 1.72007 18.4345 57.2158	1.80039 18.2142 57.188 0.236136
 3.83449 -8.87444 21.7986	3.79444 -8.7222 21.768 0.160348
 24.7502 -8.6154 -24.2487	24.7521 -8.62093 -24.258 0.0109583
 7.24268 -16.0239 -5.40572	7.2725 -15.8647 -5.43205 0.164047
 11.7171 19.9082 -21.6852	11.7166 19.9084 -21.6852 0.000543609
 36.4466 -1.783 9.04756	36.4944 -1.80262 9.07305 0.0576301
 -40.3687 -7.10245 -14.5088	-40.3585 -7.10542 -14.516 0.0128773
 22.4939 -15.0792 -6.77207	22.5167 -15.1066 -6.76071 0.03744
 -9.10921 -4.73303 14.5369	-9.27608 -4.8195 14.5756 0.191879
 3.20469 -17.6772 -18.4747	3.16741 -17.61 -18.4613 0.0780331
 -5.38288 15.4456 9.88805	-5.46917 15.503 9.83923 0.114536
 35.5409 14.9257 -9.77198	35.5655 14.9429 -9.77625 0.030345
 3.12218 -15.7906 -23.2708	3.08101 -15.7667 -23.2542 0.0504259
 -9.00372 -25.2148 -14.7919	-9.02165 -25.1888 -14.8074 0.0351764
 -8.06992 -26.423 -17.8756	-7.95622 -26.5278 -17.8001 0.172062
 38.4884 10.802 -0.239508	38.4925 10.8046 -0.239562 0.00485047
 -3.41117 23.9987 19.8355	-3.41121 24.0189 19.8309 0.0207654
 9.73094 22.4838 31.8569	9.73244 22.3759 31.8461 0.108404
 -4.7577 13.3081 57.2781	-4.64746 13.2241 57.2649 0.139201
 17.5833 -16.809 -12.375	17.5611 -16.9316 -12.4114 0.12977
 -6.30298 -4.50509 27.4091	-6.2772 -4.47976 27.4086 0.0361509
 -34.2695 5.20681 -17.4864	-34.4037 5.33808 -17.4529 0.190725
 9.15454 26.179 6.21983	9.15814 26.1598 6.2199 0.0195274
 24.9323 14.182 27.7105	25.0272 14.2336 27.7348 0.110759
 -0.211289 -11.3043 -31.4553	-0.154498 -11.2944 -31.4672 0.0588624
 25.7438 -5.22157 15.176	25.7673 -5.28553 15.1932 0.0702753
 8.38851 -14.8321 -0.434834	8.37439 -14.8598 -0.419513 0.034641
 7.58966 -7.33351 62.5391	7.58541 -7.28622 62.5234 0.0500288
 -5.11602 12.1355 54.5318	-5.16568 12.1586 54.5386 0.0551956
 -14.7225 -10.6187 -48.38	-14.7286 -10.6203 -48.356 0.0248851
 -7.00363 4.32926 36.2222	-7.04055 4.32472 36.2247 0.0372777
 -31.1427 9.54269 -25.301	-31.1505 9.5553 -25.301 0.014819
 -11.4104 21.97 19.0285	-11.4505 22.0269 18.9671 0.0928278
 13.5523 21.773 -28.7851	13.5388 21.847 -28.8372 0.0915735
 0.806931 16.0753 1.97784	0.766014 16.142 1.94515 0.0847436
 14.114 -17.4064 -5.89765	14.1119 -17.3479 -5.91226 0.0602774
 15.5359 16.259 62.6861	15.5479 16.2724 62.7194 0.0378625
 -10.2682 12.221 13.8261	-10.2235 12.2098 13.8521 0.052864
 35.9979 13.3041 7.9836	36.0093 13.314 7.99102 0.0168388
 -37.446 -1.04991 -39.4853	-37.3836 -1.09099 -39.438 0.0884347
 -40.158 -7.63811 -37.8285	-40.1067 -7.63954 -37.815 0.0530388
 32.0756 -0.115977 -25.2207	32.1466 -0.117219 -25.2732 0.0882642
 -15.3299 0.69166 3.10298	-15.3337 0.693853 3.10454 0.00469575
 -12.8671 -5.96825 5.75668	-12.9383 -5.99349 5.80925 0.0920986
 -1.01468 -15.0505 -36.0574	-1.05649 -15.0554 -36.0301 0.0501666
 -2.30768 20.959 38.6857	-2.29521 20.8531 38.6417 0.115343
 17.6747 20.5944 40.2208	17.649 20.5702 40.2112 0.0365402
 -27.0885 -4.56461 -47.8773	-27.082 -4.55012 -47.9052 0.03212
 -0.65641 -6.583 35.4595	-0.703575 -6.75015 35.5019 0.178779
 -9.53687 -28.0086 -34.2814	-9.48573 -28.0824 -34.3213 0.0981812
 -2.81316 -20.3164 -13.2591	-2.77812 -20.3892 -13.226 0.0872438
 5.04135 -17.1773 -12.9847	4.96942 -17.0328 -12.9816 0.161479
 -7.59748 2.31239 30.5637	-7.59582 2.31266 30.5634 0.00171711
 33.2054 7.48934 -23.9411	33.2603 7.49102 -23.9632 0.0591882
 2.11525 -6.9352 44.7474	2.1232 -6.81423 44.7471 0.121227
 29.2082 13.3045 17.5693	29.2571 13.3383 17.5995 0.0667163
 -17.5796 2.85403 -7.83185	-17.5455 2.80236 -7.85512 0.0661372
 -7.24258 8.71271 41.9118	-7.08858 8.72104 41.8899 0.155772
 -2.32954 5.45641 -22.0963	-2.32135 5.48426 -22.1214 0.0383197
 7.02891 20.313 -5.42384	7.07209 20.2957 -5.39863 0.0528935
 -4.32924 -2.96198 54.057	-4.32359 -2.95745 54.0578 0.00728854
 -4.75743 -18.4888 -39.8884	-4.78817 -18.4774 -39.8663 0.0395344
 18.6779 25.9469 -10.9991	18.6776 25.8496 -10.9846 0.0983963
 31.6166 7.01361 -26.7064	31.6997 7.02098 -26.7702 0.10497
 -8.18581 23.2763 33.6027	-8.18328 23.2572 33.5938 0.0212215
 -7.25131 14.63 41.3812	-7.3222 14.6443 41.4041 0.075846
 -36.1725 -26.0947 -31.3098	-36.1272 -26.0488 -31.3022 0.0648762
 -12.3159 -30.9707 -25.8453	-12.3523 -30.8964 -25.8541 0.0832247
 -5.36289 9.01419 -5.1725	-5.42417 9.13578 -5.19637 0.138236
 2.53649 -11.8656 -26.1109	2.50157 -11.8648 -26.0792 0.0471444
 -12.0892 8.26806 -35.3591	-12.116 8.21036 -35.3392 0.0666408
 -24.6695 -32.3061 -30.9416	-24.6631 -32.2824 -30.9348 0.0254487
 21.8602 4.6376 53.5623	21.8273 4.64427 53.5563 0.034069
 -19.1599 -5.56774 -2.3002	-19.1662 -5.57072 -2.28944 0.0128134
 14.8715 14.6549 63.1355	14.8717 14.6549 63.1297 0.00581522
 30.0049 -8.71091 0.314471	30.0804 -8.82229 0.331381 0.13564
 -6.65821 11.2 44.9194	-6.58472 11.1894 44.9101 0.0748253
 -19.5569 -32.6786 -28.5192	-19.5555 -32.6906 -28.5198 0.0120917
 -28.2256 -25.3372 -41.6188	-28.2569 -25.4016 -41.681 0.0947973
 -14.625 -13.3991 -48.5058	-14.6588 -13.3893 -48.4487 0.0670425
 -36.8001 -18.7358 -12.302	-36.8501 -18.7594 -12.2711 0.0633743
 34.0132 15.9177 7.21621	34.0223 15.9259 7.22077 0.0131153
 -28.6438 -24.3155 -10.2718	-28.6687 -24.3578 -10.2319 0.0633365
 -10.1587 24.3468 29.6066	-10.1269 24.2657 29.5852 0.0897624
 -3.65803 18.7885 11.0852	-3.66396 18.7943 11.0804 0.0096047
 -39.5766 2.58066 -27.054	-39.5243 2.54281 -27.0502 0.0647162
 17.028 -3.25661 55.8831	17.0938 -3.31701 55.887 0.0894434
 31.9484 -7.2883 -5.72262	32.0144 -7.33666 -5.73353 0.0825737
 18.147 16.2951 58.9606	18.0979 16.252 58.9545 0.0655783
 -43.0937 -3.58784 -26.6601	-43.0653 -3.59933 -26.6603 0.0306068
 -8.99144 -12.4926 0.611439	-8.98937 -12.4791 0.604266 0.0153815
 -4.98177 -4.78893 33.2041	-4.89896 -4.71402 33.1637 0.118753
 -0.635623 -9.08351 22.9394	-0.636195 -9.11998 22.947 0.0372687
 -6.43725 -27.3979 -26.465	-6.37758 -27.4864 -26.4559 0.107155
 -7.44195 -6.21946 20.2745	-7.31662 -6.12049 20.2609 0.160281
 6.10423 19.8305 51.7875	6.02327 20.0562 51.8108 0.240928
 -32.6181 3.13081 -39.7562	-32.6169 3.12895 -39.7548 0.0026464
 32.9826 -7.50075 -12.9217	32.9982 -7.5167 -12.9185 0.0225602
 -21.773 -31.0385 -16.9329	-21.7461 -30.9331 -16.9769 0.117292
 -25.8788 -31.7486 -32.4224	-25.8776 -31.7409 -32.4212 0.00796309
 12.1882 21.1883 -15.0536	12.0823 21.217 -15.0679 0.110664
 2.50568 -5.1297 -25.6073	2.51036 -5.12767 -25.6129 0.00760376
 -3.1283 -4.38393 54.4944	-3.16865 -4.42306 54.4921 0.0562523
 7.43692 -7.40436 62.3836	7.43223 -7.35227 62.3663 0.0550988
 12.7013 15.9259 -27.2776	12.7359 15.9421 -27.2713 0.0387288
 7.80918 -8.2778 -22.9388	7.80611 -8.28391 -22.9308 0.0105545
 -12.6556 -25.0242 -41.5608	-12.6385 -25.05 -41.5888 0.0417065
 -8.36827 -12.1582 1.59715	-8.35621 -12.0877 1.56213 0.0796376
 -26.3023 -29.1477 -37.3547	-26.3284 -29.2492 -37.3996 0.113983
 -6.36672 -19.4205 -9.611	-6.37454 -19.4031 -9.63092 0.0275814
