200 ../OUTPUT/PA4-J-Unknown-Output.txt 0
 -32.9696 7.83127 -39.9042	-31.7042 5.36488 -38.5225 3.09733
 -37.7802 4.66034 -14.4609	-35.9648 3.17019 -15.8915 2.75008
 32.7964 -0.339857 7.5981	35.7862 -2.77195 9.02467 4.10966
 10.0272 16.4306 -16.5024	12.3243 17.8598 -16.8823 2.73194
 -32.3005 -22.2684 -43.5794	-31.7478 -21.7507 -42.9064 1.01313
 10.0223 19.2332 -30.781	12.1009 18.9602 -29.2246 2.61107
 1.11819 -10.8729 -23.6258	3.11079 -10.9213 -25.4326 2.69027
 -42.8768 -20.6587 -21.6938	-41.1289 -19.8609 -22.0888 1.96162
 23.0808 17.9884 18.4647	24.4924 19.3753 19.1526 2.09504
 -6.18677 -18.9926 -15.7302	-4.00907 -21.4743 -14.2897 3.60222
 -10.5312 -2.08427 -42.9173	-10.0216 -1.68354 -43.7008 1.01693
 -44.1136 -4.75182 -37.7295	-40.6346 -5.10036 -36.2266 3.80568
 -43.0194 -2.94144 -38.993	-39.8642 -3.95467 -37.2362 3.75083
 -19.8014 17.2969 29.3891	-16.3153 16.7218 29.176 3.53965
 5.81059 -0.605584 62.7445	5.80086 -0.614679 63.3322 0.587865
 -47.7044 -6.40071 -24.0213	-44.1274 -7.17649 -24.7088 3.72411
 -15.4878 -27.7606 -33.7001	-14.7758 -30.183 -34.9567 2.82031
 -8.32105 -22.8775 -20.2861	-6.2663 -25.6097 -18.8487 3.70845
 35.5522 4.14122 4.12976	39.5596 3.76932 4.32567 4.02941
 7.76253 -4.49176 46.6182	7.98448 -6.78785 46.5306 2.30846
 12.9678 28.1514 7.4615	12.832 26.7736 7.26512 1.39829
 19.1558 -8.5909 -23.0642	19.1687 -8.47727 -22.9414 0.167752
 7.39128 -4.93873 24.1954	7.86274 -7.41256 24.3908 2.52592
 36.1366 4.13695 -5.43602	40.0414 4.91535 -6.42293 4.10216
 12.395 -15.5118 -8.00973	12.0316 -16.8121 -8.31567 1.38431
 16.5377 24.499 -27.0087	16.3713 23.8631 -26.4235 0.880009
 -44.0326 -14.3978 -33.0986	-40.2952 -15.0115 -32.143 3.90623
 -5.1868 -17.7643 -35.327	-2.82222 -19.336 -36.8549 3.2243
 6.29262 -13.5872 -2.25834	5.97888 -14.4854 -2.1032 0.963943
 18.3835 27.2851 -9.17346	18.3776 26.1629 -8.99195 1.13683
 11.7861 11.868 -19.7803	14.5223 13.4421 -19.297 3.19342
 -29.0715 -29.4679 -34.2195	-29.2161 -29.7882 -34.3438 0.372801
 30.1662 -3.45728 5.72565	31.8799 -6.55447 7.11593 3.80295
 7.66393 -4.93931 26.3483	8.04314 -7.14852 26.7607 2.27915
 -9.39008 1.5331 48.1178	-6.51395 1.81049 48.0814 2.88971
 -9.62393 16.1739 8.67341	-7.22827 13.8756 10.4356 3.75852
 -42.3031 2.4212 -17.9366	-40.0098 0.278444 -18.8391 3.26572
 -46.2388 -14.972 -25.6729	-43.5665 -14.2538 -25.8557 2.77309
 14.93 0.686147 58.0446	18.0991 -1.9386 58.4036 4.13054
 -9.71722 -25.3198 -27.4539	-7.78305 -28.2528 -28.031 3.5604
 -9.12987 -0.0247621 42.2121	-6.31993 0.735127 42.1823 2.91103
 20.8017 4.70707 35.8139	24.5805 4.12738 36.4625 3.87767
 14.7168 6.52735 -24.7364	16.8425 7.17893 -23.8077 2.40948
 15.0806 21.8277 37.9841	15.0688 21.78 37.9864 0.0491416
 -3.11547 19.0692 3.28618	-0.91119 16.7629 4.9377 3.59246
 30.1579 18.5434 -12.1356	31.4809 19.5634 -12.2511 1.67455
 -8.34132 19.7812 42.8829	-6.76236 17.8909 40.8798 3.17474
 -42.6859 -18.74 -35.5003	-39.7872 -17.9737 -34.6006 3.13037
 16.9301 8.86553 -29.4635	18.1645 10.1649 -28.6507 1.96797
 28.2747 3.89292 15.1942	31.3306 3.92623 17.1604 3.63392
 17.8786 12.3367 -31.0732	18.2773 12.6632 -30.3309 0.903721
 -37.2038 -15.8754 -9.79647	-36.6659 -15.6497 -10.233 0.728564
 -41.3367 -0.419167 -40.2859	-38.4646 -1.54133 -38.3513 3.64011
 -4.49192 25.7333 15.9249	-3.82617 23.3693 17.2828 2.80636
 -19.9175 3.41414 -1.06932	-17.0699 1.09451 -1.8049 3.74574
 3.93867 23.4119 39.7273	4.1099 21.0595 39.2353 2.40937
 -10.3187 4.46223 38.0214	-7.00713 4.88103 37.9912 3.33812
 14.1838 27.7149 7.34839	14.0919 26.6601 7.15839 1.07572
 14.4533 18.202 56.9625	15.0927 19.0388 57.1056 1.06278
 -9.72349 -13.2697 -3.59295	-9.7064 -14.5115 -2.80026 1.47328
 -39.8654 3.8918 -15.5436	-37.2808 2.06758 -16.9007 3.44235
 -5.42184 3.71913 -26.1999	-4.80182 4.46515 -26.5582 1.03407
 -0.704787 -1.34532 -25.2249	-0.166827 -0.881018 -25.6663 0.836554
 -45.4151 0.290942 -23.3438	-41.9764 -1.57012 -24.0685 3.97655
 9.78679 26.2596 -11.5582	12.0587 23.8003 -10.5293 3.50263
 -7.32877 24.2059 34.5011	-7.19397 23.1865 34.0276 1.13211
 -15.9773 -26.4123 -17.8851	-14.8782 -28.9373 -16.4011 3.12827
 20.5334 26.6488 -6.98688	20.286 26.0009 -6.9433 0.69491
 3.45935 -14.4398 -13.9956	4.78434 -17.1022 -14.052 2.97441
 20.2486 3.49631 36.6898	23.9038 1.93839 37.4893 4.05302
 -19.11 5.30304 -6.35147	-17.4144 2.73286 -7.50866 3.28938
 -45.6979 -11.7265 -18.6841	-42.8041 -11.5325 -19.5074 3.01484
 -29.1979 -2.52215 -8.96125	-29.3343 -3.22479 -10.0397 1.29438
 11.0193 -4.62572 23.6026	11.272 -7.04293 23.8283 2.44085
 35.7797 3.64349 -5.11781	39.2379 1.13139 -4.66357 4.29835
 24.3533 13.5393 20.4528	26.7317 14.9214 21.1652 2.84163
 20.9343 18.6124 23.9454	22.1788 20.0487 24.1845 1.91546
 25.5612 11.5164 -29.8579	25.7563 11.4427 -30.1825 0.385826
 -18.449 -5.94988 1.28732	-16.9776 -5.63275 0.416167 1.73909
 -33.1144 -12.2203 -47.7377	-32.8043 -12.2763 -46.4794 1.29716
 -11.2759 -21.0334 -40.131	-9.72684 -22.8222 -41.8692 2.9361
 -19.1108 1.57173 2.62339	-16.1168 0.490027 1.46077 3.38909
 -46.9084 -4.53354 -21.0246	-43.543 -5.41469 -21.2225 3.48447
 -6.67537 16.8825 4.70262	-3.86922 14.2469 6.19061 4.12734
 -14.3913 -26.5615 -19.0065	-13.3434 -28.969 -17.5917 2.98263
 29.2835 -5.41366 -13.4575	32.1489 -8.33867 -12.8686 4.13674
 -39.6627 -20.2612 -39.1339	-37.9561 -19.3415 -38.2242 2.14147
 1.83106 -10.8187 3.64935	1.6154 -12.3597 3.94663 1.58416
 -31.5524 -23.6922 -11.5513	-31.5655 -23.7109 -11.5342 0.0285178
 -43.988 -12.4556 -32.1991	-41.2126 -11.1281 -30.5077 3.51081
 27.2008 18.6067 10.9909	28.4908 19.5451 11.9421 1.85718
 -13.4072 10.984 -21.8686	-13.4794 10.6619 -21.9327 0.336212
 28.212 -5.73152 -3.84418	30.4921 -9.09365 -3.34391 4.09306
 -6.30702 7.92235 62.786	-5.93043 7.80081 62.3779 0.568497
 -47.2604 -10.8137 -24.2177	-44.2547 -10.3625 -24.974 3.13206
 -5.0514 7.35399 -22.5116	-5.19334 6.88721 -22.4664 0.489967
 -10.3042 11.0246 50.4144	-6.3317 9.64917 50.4728 4.20422
 -4.4512 1.46632 -26.4283	-3.47106 2.26757 -27.4016 1.59685
 16.8464 5.81443 -27.4472	18.6778 6.84769 -25.9896 2.55856
 15.4042 -15.1502 -7.97368	15.5241 -17.5885 -7.52689 2.48184
 -9.30081 12.6867 53.2326	-5.75769 11.3287 53.0394 3.79937
 25.8238 5.15082 19.701	29.3053 4.79796 21.0915 3.76548
 -18.0276 0.25262 -47.37	-17.9135 -0.273496 -46.5454 0.984815
 16.0366 17.3537 50.9522	17.1321 18.4985 51.0988 1.59123
 -0.446279 -5.4916 29.8132	-0.745063 -7.49303 30.2762 2.07589
 19.5539 12.312 44.2506	21.8718 13.7105 44.5598 2.72474
 -6.05104 15.9407 2.26751	-3.35859 13.4076 3.75899 3.98627
 29.0593 18.3873 8.71976	30.3376 19.3171 9.66238 1.84045
 -9.8606 4.41382 -35.7311	-8.96982 5.26721 -36.2157 1.32538
 -15.3365 10.2564 -34.7732	-15.4168 10.0917 -34.7344 0.187294
 24.3576 24.4727 -5.90928	24.3522 24.4603 -5.90888 0.0135478
 -4.68483 -14.3154 -36.5442	-2.09849 -14.5302 -38.0689 3.00996
 21.1725 -8.48864 -0.867806	22.1585 -11.1284 0.235677 3.02629
 -11.8568 -10.303 0.334267	-12.3078 -11.0096 0.903181 1.01311
 -25.6549 -8.15081 -4.78491	-25.1733 -8.27739 -6.31058 1.60489
 -1.11261 2.59569 62.8682	-1.13861 2.61044 63.4388 0.571363
 20.0885 3.59271 36.9941	23.8532 1.98812 37.8176 4.17443
 1.35186 -10.2695 9.0757	1.0901 -11.5569 9.2066 1.32019
 15.2783 23.6632 25.5599	15.1964 23.0241 25.4991 0.647152
 -12.7981 9.74373 30.2282	-12.0819 10.5552 29.9939 1.10736
 8.3796 4.82326 62.432	8.44421 4.85264 62.9998 0.572253
 -7.47865 25.9287 19.4102	-7.40379 23.9992 20.1112 2.05419
 -2.25422 -2.18369 -26.5698	-1.27368 -1.69168 -27.2792 1.30646
 -14.4078 -26.1512 -36.5789	-13.775 -28.4082 -37.8544 2.66862
 31.9681 -1.42479 -8.91097	34.709 -4.46264 -8.55803 4.10674
 13.9767 24.7286 23.5424	13.7059 23.4533 23.3423 1.31899
 -40.7642 -9.38134 -43.7305	-38.433 -9.28969 -41.6506 3.12553
 -5.77697 2.47187 -27.6603	-4.83168 3.06906 -28.1394 1.21645
 8.60162 -5.75946 17.4063	8.81941 -8.25488 18.1669 2.61782
 11.786 -4.56723 21.9314	12.0473 -7.14054 22.2332 2.60407
 7.55533 23.6186 40.8336	7.98035 21.4137 40.5539 2.26288
 12.876 21.4852 -31.0918	13.1277 20.5619 -29.6302 1.74706
 -22.0173 -30.0653 -32.4402	-22.1157 -32.1418 -32.854 2.11964
 25.5382 22.9726 -18.9245	25.6598 23.181 -18.988 0.249558
 -10.2354 11.3409 55.5448	-6.39752 9.42604 55.8682 4.30125
 24.0846 1.14623 -29.458	24.4329 1.37464 -28.9814 0.632968
 -18.2008 15.5229 18.7977	-15.9049 16.0326 20.4133 2.85323
 -11.5065 15.9883 11.0183	-9.2415 14.8829 13.4159 3.47851
 34.7377 1.90724 0.368135	38.1434 -0.395053 0.180513 4.11514
 0.0299259 -11.4814 -0.31524	0.195947 -13.1263 0.383678 1.79493
 5.88248 -14.0957 -10.6839	6.3003 -16.3112 -10.3891 2.27371
 -38.0802 9.31395 -29.8177	-35.7306 6.29139 -29.2045 3.87715
 34.4685 13.0349 -4.62896	35.9437 14.1142 -4.68525 1.82866
 -40.393 7.6032 -26.1577	-37.7364 4.79064 -26.4016 3.87655
 -10.3945 -18.168 -10.6635	-10.3807 -19.6623 -8.55207 2.58675
 -1.22174 -7.54451 19.6264	-1.27231 -9.55355 19.9194 2.03092
 -19.028 -8.53344 -1.36627	-18.3945 -8.33355 -2.45839 1.27829
 5.11174 -3.84533 -22.9073	5.36738 -3.75645 -23.3725 0.538214
 27.5661 18.0718 11.3672	28.8146 19.0218 12.0512 1.71141
 -18.8493 -25.7984 -40.0145	-18.6199 -27.2145 -41.203 1.8629
 19.1663 15.987 35.794	21.1884 17.2306 36.2153 2.41096
 -14.9179 -25.6027 -38.1585	-14.4438 -27.5708 -39.4695 2.41183
 -21.2969 1.29991 -1.52437	-17.5806 0.0623357 -2.27668 3.98855
 27.0813 20.3755 9.53137	27.7013 21.2628 9.90324 1.14451
 -5.35061 -4.1877 37.1227	-5.01441 -3.88145 37.1173 0.45481
 -7.77181 26.4001 22.4135	-7.79968 24.6952 22.8867 1.76954
 -13.0714 -27.0885 -30.0206	-11.307 -30.023 -30.4107 3.44626
 -1.615 21.3467 47.0962	-0.356132 18.8573 46.6196 2.83006
 -19.5444 -13.8643 -48.3687	-19.4902 -14.0175 -48.8719 0.528815
 -9.18523 17.762 9.32221	-6.75309 15.4706 11.7127 4.10854
 -3.80091 -8.42657 -31.1081	-1.72576 -7.98171 -32.2466 2.40839
 -3.7962 19.8007 51.4176	-1.45389 17.0852 51.4685 3.58653
 -30.1073 9.55003 -38.5948	-29.2194 7.20267 -37.321 2.81444
 21.0892 -11.3116 -7.17916	23.2784 -14.2421 -6.2022 3.78612
 34.3634 11.1713 -10.1197	36.4795 11.9349 -10.9447 2.39607
 -15.6639 -28.6915 -29.5515	-14.7396 -31.5028 -29.9224 2.98239
 -3.7903 -15.1706 -33.7977	-0.390058 -14.8524 -34.5283 3.49237
 -32.0713 10.5841 -18.3312	-30.7345 8.72665 -19.2707 2.47385
 -5.53235 -3.50791 50.2644	-4.60059 -2.97177 50.2372 1.07535
 -3.38326 13.7303 62.6781	-3.15507 13.6419 62.2025 0.534879
 14.7604 8.05312 62.0106	14.7348 8.04052 63.1453 1.13506
 -2.82712 -9.28848 10.3539	-3.28031 -10.518 10.5279 1.32185
 -15.9464 -28.299 -32.8285	-15.1321 -30.8959 -33.4559 2.79294
 -32.1039 -2.34293 -47.6036	-30.8113 -3.39977 -45.3909 2.7719
 -24.6391 -18.7805 -7.55509	-24.9529 -18.9519 -6.76092 0.870976
 -8.74476 12.4048 -1.42044	-6.62474 9.41066 -0.996377 3.6931
 -25.5766 -10.5597 -49.7163	-25.1835 -10.2502 -48.9656 0.902118
 8.85183 25.6329 22.0977	8.9391 23.9198 21.8727 1.73001
 26.3576 18.7514 12.4277	27.4842 19.655 13.2572 1.6655
 -32.6856 -23.8544 -41.5639	-32.3333 -23.3939 -41.1178 0.731574
 -21.9406 -15.9238 -48.0475	-21.9389 -15.9465 -48.2656 0.21928
 16.8419 27.6658 -12.4258	16.8353 25.685 -12.1309 2.00257
 -12.9048 25.1289 18.643	-12.1121 22.8952 20.2116 2.8422
 -32.6528 -25.8284 -38.8892	-32.4194 -25.5178 -38.6534 0.454554
 -7.99062 20.7 11.3219	-6.64813 19.4021 13.6329 2.97115
 -10.5298 9.48119 49.9114	-6.64578 8.55651 49.7891 3.99445
 16.3044 16.8211 52.4016	17.4209 17.9903 52.5904 1.62759
 -8.81074 -0.428847 41.4593	-6.20377 0.276154 41.4316 2.70076
 32.4299 9.18002 -18.4232	34.9666 10.0195 -19.0505 2.74464
 10.2316 0.0321988 62.4564	10.3077 0.0251661 63.2511 0.798405
 21.2936 25.5288 5.98317	21.1973 25.2925 5.91673 0.26369
 -22.2222 -8.39297 -49.6944	-22.3183 -8.69617 -49.137 0.641715
 -8.68079 -22.9389 -19.9661	-6.60935 -25.6932 -18.517 3.7386
 -6.22614 6.66668 62.7952	-6.05849 6.61258 62.6135 0.253073
 -7.19682 -14.9967 -39.8931	-5.55888 -15.689 -41.9097 2.68861
 15.6924 19.2908 -31.1569	15.6562 19.2353 -31.077 0.103733
 33.6955 6.03927 -14.709	36.8251 6.44037 -15.2145 3.19543
 -28.3581 6.61483 -14.5414	-28.3885 6.22866 -15.0774 0.661346
 -16.7539 1.34986 8.52532	-13.8778 1.13349 7.43987 3.08172
 0.380073 -15.0768 -10.6938	0.851296 -17.7599 -9.34413 3.0402
