200 ../OUTPUT/PA4-B-Debug-Output.txt 0
 36.9168 4.36576 -14.2294	37.1294 4.40458 -14.3539 0.249456
 37.7096 9.9303 -7.26706	38.0406 10.1022 -7.33654 0.379388
 15.3032 23.6969 27.5434	15.1781 22.7954 27.3841 0.924028
 11.9145 22.1843 53.0336	11.9363 21.0803 52.8443 1.1203
 23.9157 24.7124 -20.4708	23.5309 24.0999 -20.3003 0.743103
 -9.727 -11.4511 -0.921963	-10.0677 -12.7378 -0.2662 1.48387
 28.1905 20.594 -22.1263	27.8621 20.2348 -21.7741 0.600659
 18.0835 19.2656 41.4815	18.2615 19.431 41.5127 0.24495
 16.3664 -10.3401 2.68579	17.3393 -11.9595 3.54561 2.07559
 36.2508 0.158374 -1.30467	37.4704 -1.06488 -1.40356 1.73019
 -16.6783 -28.5555 -18.7264	-16.186 -30.2452 -18.0192 1.89676
 30.6312 20.4534 -8.89816	30.6595 20.4886 -8.89808 0.0451238
 28.5106 15.5191 14.521	29.1361 15.8574 15.0241 0.871093
 -43.0025 -16.6293 -22.9807	-42.5443 -16.4546 -23.0287 0.492742
 -0.827865 -10.3914 5.93904	-0.90893 -11.7444 6.24641 1.3898
 -42.9584 -13.0649 -19.0323	-42.5104 -12.9612 -19.1719 0.480614
 -33.8883 9.80316 -29.8101	-32.9475 8.20815 -29.5527 1.86961
 -17.825 -29.2932 -19.6929	-17.0487 -30.9565 -19.0029 1.96097
 17.9733 0.905191 58.8767	19.5557 0.091527 59.0512 1.78783
 15.9614 -14.1194 -3.74163	16.7036 -15.6686 -2.59725 2.06404
 30.2747 -4.14663 9.25626	31.1259 -5.85025 9.91769 2.01604
 30.1493 13.9305 -25.7688	29.8663 13.6882 -25.5244 0.445589
 29.7877 6.77993 16.6103	31.152 6.93426 17.3621 1.56538
 3.3881 11.8934 -12.5928	3.42033 10.4095 -11.6734 1.74595
 -3.24372 19.719 44.0842	-2.75218 18.7385 43.7027 1.16126
 31.5631 19.5631 2.65164	31.6007 19.5991 2.65522 0.0521696
 -8.36218 2.39883 31.6682	-7.44815 2.53977 31.4938 0.941117
 -20.2031 -6.587 -3.8849	-20.5147 -6.42834 -3.53325 0.495901
 1.30641 -6.50007 26.876	1.62936 -8.15919 27.2639 1.73421
 -23.0068 -12.2038 -49.965	-22.8393 -11.869 -49.1914 0.859418
 -22.0161 -31.4158 -30.5714	-22.023 -32.6168 -30.8986 1.24485
 0.0194285 -2.24779 -27.2708	-0.230829 -2.45774 -26.917 0.481529
 30.7968 2.20962 14.3348	32.264 1.73828 15.5254 1.94747
 -9.33103 9.9369 34.9702	-9.05716 10.0757 34.8846 0.31878
 -1.50168 -8.7487 -32.2908	-1.564 -8.76206 -32.2566 0.0723236
 -19.4755 -28.3029 -38.9628	-19.3439 -28.8482 -39.326 0.668208
 -2.51235 -9.54843 11.0989	-2.8856 -10.5651 11.2254 1.09036
 35.6032 4.9691 -16.4313	36.5 4.81274 -16.614 0.928528
 -8.79132 -8.57131 5.43538	-9.13691 -9.3689 5.87521 0.974178
 -10.5956 14.9512 36.8505	-10.6246 14.9367 36.8881 0.049662
 0.756433 15.8247 -3.58643	2.09723 14.4332 -2.77485 2.09589
 -17.5865 6.37712 -12.3933	-17.321 5.78092 -12.9732 0.873074
 16.6909 18.4291 53.1481	16.7738 18.5159 53.1621 0.120832
 -42.7319 -12.294 -18.2157	-42.3601 -12.2628 -18.3373 0.392424
 33.7327 16.7667 -8.66209	33.8271 16.853 -8.65079 0.128438
 -36.661 -13.5464 -45.2924	-35.9087 -13.2207 -44.5628 1.09744
 23.0526 -5.98287 8.21604	23.4568 -7.64248 8.70212 1.77596
 -24.1878 -13.6615 -49.5421	-23.9299 -13.5428 -48.5311 1.05007
 0.499512 20.2071 49.3382	0.527183 18.8223 49.0036 1.42496
 10.4143 19.3377 -24.0889	11.1143 19.0335 -24.1519 0.765847
 7.59425 23.9158 -7.09638	9.08524 22.7775 -6.13418 2.10826
 2.37436 4.86042 -21.6532	1.93219 4.19525 -20.8914 1.10377
 -16.6561 -27.0231 -16.1566	-15.9913 -28.6201 -15.1276 2.0128
 -5.91986 14.8553 50.7525	-4.65378 14.081 50.5049 1.50457
 -40.4146 4.27035 -28.2439	-38.9922 3.08825 -27.9859 1.86737
 -2.05356 -4.55876 46.6588	-2.36822 -5.22928 46.7145 0.742771
 -34.0225 3.47751 -14.5509	-33.9412 3.32852 -14.6827 0.214946
 25.101 7.42769 29.3772	26.4279 7.5308 29.7307 1.37702
 -37.5412 -5.77293 -44.2617	-36.3012 -6.2698 -42.8544 1.94033
 20.8723 -10.2287 -1.81104	21.8032 -11.7988 -0.789754 2.09155
 -5.4004 -21.903 -35.6073	-4.62089 -22.5032 -36.1489 1.12303
 -32.3087 9.37753 -34.4033	-31.2962 7.76754 -33.6553 2.04369
 34.7855 5.93756 9.8711	35.855 6.31276 10.8927 1.52592
 18.131 27.6423 -6.68813	17.972 26.383 -6.62711 1.27082
 -12.5323 8.10625 19.795	-11.8729 8.20828 19.8209 0.667767
 -33.02 -25.8899 -17.2738	-33.6012 -26.5156 -16.9325 0.919716
 -14.3429 -10.3681 -48.895	-14.498 -10.4107 -48.283 0.632842
 -8.94557 -2.292 23.5207	-8.42943 -2.21493 23.4082 0.533842
 33.0295 15.8005 -16.6713	33.0723 15.8219 -16.6896 0.0511678
 21.1486 21.6726 21.4232	21.1441 21.665 21.4211 0.00914883
 16.6017 18.0584 56.4379	16.5774 18.025 56.4331 0.0415707
 -31.0868 -28.2088 -35.5008	-31.1391 -28.2973 -35.5378 0.109265
 -30.8318 8.31642 -38.5203	-30.207 6.66469 -37.624 1.98038
 0.206733 19.3742 56.1013	0.715715 17.9782 55.9251 1.49629
 -30.5688 -3.71762 -10.1245	-30.5835 -3.52291 -9.72018 0.449047
 -21.9177 -19.134 -48.1456	-21.8476 -18.9166 -47.3602 0.817999
 -44.7852 -4.52459 -28.4213	-43.5846 -4.94933 -28.3396 1.2762
 17.4491 16.638 -32.3518	17.49 16.3105 -31.1178 1.27742
 -11.7744 -17.0977 -45.952	-11.815 -17.0629 -45.8847 0.085932
 15.8702 -3.19847 44.2168	16.8037 -4.78676 44.3821 1.84972
 13.9646 23.2471 34.3918	13.9773 22.3744 34.1774 0.898699
 12.9176 27.6548 -6.92792	13.2166 26.0338 -6.31408 1.75889
 -6.52736 -0.495715 56.7511	-5.86079 -0.263446 56.7496 0.705881
 -35.4169 -18.3406 -11.6527	-35.7633 -18.7478 -11.1042 0.765912
 6.93801 25.3325 19.642	7.02831 24.1432 19.4476 1.20848
 2.9851 -8.56665 -26.0793	2.9626 -8.57373 -26.0483 0.0389531
 -44.1292 -11.6849 -21.8057	-43.3712 -11.6229 -21.9688 0.77777
 25.2576 -11.0272 -10.074	26.6005 -12.4434 -9.65843 1.99535
 -1.44182 -6.125 29.9791	-1.62676 -7.36383 30.2657 1.28493
 10.5503 28.3695 0.252035	11.3616 26.6937 0.566675 1.88832
 29.6736 9.13558 -28.889	29.7412 9.16644 -28.9442 0.0925386
 1.20502 -6.57585 26.6621	1.52689 -8.22945 27.0487 1.72844
 14.8296 19.4499 57.024	14.7367 19.3283 57.0032 0.154404
 35.3942 9.60677 -15.5922	35.9976 9.85829 -15.6858 0.660405
 14.3142 25.6918 -21.1416	15.2497 24.1648 -21.1019 1.79129
 -7.86713 -6.51482 14.9757	-8.08356 -6.70025 15.0261 0.28943
 11.3455 -10.4313 4.84557	11.7194 -11.9683 5.97889 1.9459
 -3.8263 -3.59126 48.8904	-4.00287 -3.71675 48.8627 0.218395
 2.04422 10.3816 62.2134	2.04342 10.4221 63.3241 1.11143
 -13.9269 -25.0619 -41.4216	-13.8149 -25.3972 -41.7635 0.491793
 32.2446 18.4729 -7.9604	32.3491 18.5601 -7.9552 0.136209
 -30.6436 -29.6133 -31.077	-30.862 -29.989 -31.1467 0.440118
 -18.2452 2.56237 -3.39913	-17.1129 1.64002 -3.69162 1.48941
 28.5706 5.96428 -29.773	28.3637 6.04152 -29.472 0.373295
 14.7848 -8.00846 -22.3509	14.8056 -7.89066 -21.9504 0.417916
 6.56042 -6.84409 -24.0109	6.37489 -6.93678 -23.5088 0.543263
 -4.42453 19.612 8.85784	-3.09063 18.5539 10.1131 2.11532
 -35.3434 -27.0317 -26.2904	-35.5323 -27.2682 -26.309 0.303292
 3.71764 -5.99517 31.5709	3.83365 -7.36393 31.7787 1.3893
 17.0259 -4.18092 26.641	17.4515 -5.80725 26.8239 1.69098
 -44.5052 -5.24051 -21.7018	-43.5634 -5.37466 -21.7486 0.952426
 -7.69796 -26.0887 -25.7997	-6.67639 -27.6048 -25.6447 1.83469
 7.34152 -5.98004 23.2088	7.76634 -7.50103 23.5037 1.6065
 21.6377 -12.6776 -5.77942	22.7722 -14.353 -5.33275 2.0722
 17.1973 -4.16959 26.2895	17.627 -5.7989 26.4895 1.69685
 19.622 21.9437 25.9922	19.4491 21.622 25.927 0.371045
 -8.875 -25.2374 -36.0131	-8.24867 -26.033 -36.6007 1.17074
 -12.5921 -12.0364 -48.135	-12.9231 -11.9817 -47.5749 0.652828
 -39.561 -9.37014 -42.7719	-38.3776 -9.28466 -41.7129 1.59032
 19.2694 -7.2579 6.99894	19.717 -8.96186 7.45777 1.82054
 -0.858827 -5.07824 49.4159	-1.14615 -5.63272 49.3819 0.62543
 -19.6601 -9.83841 -50.2549	-19.826 -10.1659 -49.3069 1.01655
 20.6385 -5.78567 11.0814	21.0954 -7.53767 11.5233 1.86378
 -23.7049 -11.9368 -49.9019	-23.5422 -11.6117 -49.1506 0.834652
 -7.25378 -16.9931 -42.8055	-7.18088 -17.0082 -42.8975 0.118306
 -5.44828 -14.4169 -5.30206	-5.34989 -15.9271 -4.36849 1.77816
 -34.7323 -20.6087 -12.5927	-35.0863 -20.9002 -12.1147 0.662459
 34.2142 -2.99122 -16.5336	35.6005 -3.57779 -17.188 1.64138
 11.1781 19.1762 -30.3669	12.3186 18.9664 -29.5142 1.43932
 -8.10716 9.43888 44.2767	-6.92659 9.31725 44.1272 1.19619
 -4.63498 -6.90466 23.5588	-4.9863 -7.46976 23.6881 0.677845
 20.8457 13.4527 46.7376	21.4906 13.8419 46.8237 0.758137
 -8.3246 2.88161 32.3666	-7.39059 3.02563 32.1885 0.961684
 -34.8739 9.34777 -26.4704	-33.9441 7.92876 -26.5249 1.69741
 -5.48355 5.54175 -27.2652	-5.81104 5.05812 -27.0082 0.638106
 -7.47209 1.66515 39.0397	-6.59408 1.80266 39 0.889604
 12.5913 9.44508 -17.6095	14.1866 9.01494 -16.593 1.93992
 -37.2556 -16.3815 -11.9024	-37.5119 -16.4373 -11.7307 0.313451
 -35.3575 -12.0287 -47.0154	-34.6176 -12.122 -45.7752 1.44714
 18.0918 26.8476 -21.0848	18.2471 25.425 -21.1022 1.43114
 -43.0329 -17.452 -29.3459	-42.1672 -17.1745 -28.8119 1.05434
 -33.7238 8.91758 -21.0177	-32.9382 7.82463 -21.3719 1.3918
 -8.87694 -3.57029 20.7792	-8.60937 -3.44691 20.7165 0.301235
 -6.27149 25.8161 27.1716	-6.30273 25.0257 27.1696 0.791033
 -3.0316 -5.04311 34.7058	-3.53874 -5.51054 34.7112 0.68972
 18.0591 -14.4938 -5.50435	18.7333 -15.9654 -4.3559 1.98472
 16.63 26.1835 -25.0961	16.8779 24.5411 -24.7455 1.6976
 -39.2678 -14.1916 -42.1227	-38.1913 -13.9371 -41.2522 1.40756
 8.07689 24.4243 -7.23679	9.53589 23.2278 -6.29968 2.10677
 27.8418 12.1922 18.618	28.7007 12.5087 19.0863 1.02816
 26.4067 1.2459 21.147	28.0279 0.504892 21.9725 1.9644
 12.7143 -5.96393 17.899	12.9451 -7.53622 18.0925 1.60087
 19.3726 -10.8771 -1.37136	20.1018 -12.5535 -0.371005 2.08391
 -1.96336 -10.1391 -35.5448	-1.35857 -10.0662 -35.8158 0.666727
 6.89748 26.9923 6.05167	7.49916 25.5277 6.08136 1.58369
 -1.54659 1.19492 -26.4205	-1.78656 1.09933 -26.2329 0.319223
 15.0876 28.0762 -6.61614	15.3835 26.4548 -6.24102 1.69025
 5.99044 8.43022 61.9373	6.14454 8.37413 63.2722 1.34495
 -9.00752 25.4252 29.6645	-9.0275 24.517 29.3748 0.953518
 37.5787 2.2807 -0.249154	39.1489 1.56657 -0.139761 1.72846
 18.8297 14.8076 58.7409	19.1159 15.019 58.7886 0.359046
 -11.6544 -16.2264 -45.9856	-11.5705 -16.2873 -46.124 0.172898
 21.9693 11.7155 43.3309	22.9815 11.9288 43.5095 1.04967
 15.7401 20.3085 47.2581	15.8135 20.3866 47.2851 0.110558
 17.9898 -2.1136 -24.6337	18.7312 -2.16913 -23.1849 1.62843
 -7.10619 -7.21622 -44.3516	-7.20783 -7.24557 -44.2349 0.157499
 37.8117 2.11577 -6.15961	39.3249 1.01654 -5.96085 1.88084
 -9.41477 20.7665 37.2226	-9.3108 20.4619 37.0112 0.385053
 18.7572 27.4664 1.75219	18.5356 26.6113 1.69191 0.885412
 -8.42517 3.05706 31.5564	-7.56756 3.1893 31.3929 0.883034
 1.07471 -16.7284 -23.0717	2.04194 -17.3407 -23.5234 1.23065
 -7.86492 -17.5058 -9.78168	-6.93631 -19.1324 -8.95634 2.04677
 -12.9663 11.3426 14.302	-11.4196 10.9556 15.2882 1.87471
 -33.0351 7.92407 -36.7803	-32.1431 6.28682 -35.9857 2.02675
 21.3113 -2.04054 26.9497	22.4977 -3.59411 27.4654 2.02169
 15.3525 9.46666 62.0271	15.3266 9.45393 63.1744 1.1476
 10.701 -13.6241 -0.281685	10.514 -15.0416 0.436603 1.6001
 -29.2878 7.93595 -39.9135	-28.8629 6.40114 -38.7918 1.94797
 -11.6027 -27.138 -35.8329	-11.0622 -28.0653 -36.2324 1.14521
 -13.4681 7.00924 -6.47798	-12.7529 5.60195 -6.6898 1.59274
 -9.47075 -21.3674 -13.2759	-8.46728 -22.9173 -12.3219 2.07832
 -25.1733 1.28042 -47.8194	-24.6012 0.179979 -46.3215 1.94469
 -15.0479 -29.8238 -31.7937	-14.6555 -31.075 -32.096 1.34569
 -38.7398 -8.52354 -11.2704	-38.5194 -8.56819 -11.4387 0.28082
 -10.7182 8.77527 -34.463	-11.0345 8.09279 -34.2275 0.788218
 27.8209 -4.08499 -26.7604	27.6202 -3.86358 -26.5051 0.393057
 33.3721 16.8485 -14.1916	33.312 16.8011 -14.1722 0.0789516
 17.4444 14.397 -31.8821	17.8924 14.7638 -31.0481 1.01523
 -7.7632 10.2872 55.2766	-6.28571 9.57333 55.3759 1.6439
 -14.7372 -29.7519 -31.5233	-14.3014 -31.0273 -31.8077 1.37741
 -6.54266 23.3845 14.9231	-6.04355 21.826 16.0448 1.98398
 20.5405 11.1404 54.381	21.3419 11.4184 54.424 0.849385
 32.5534 17.7487 5.62407	32.8344 18.0036 5.65702 0.380833
 10.6438 -6.84673 15.1486	11.0106 -8.53103 15.615 1.78575
 -43.1061 -6.93311 -32.7453	-42.1685 -6.57107 -32.1564 1.16487
 21.0831 -11.8559 -4.34771	21.8646 -13.3805 -3.16891 2.07958
 19.8714 6.26093 58.487	21.3974 5.958 58.6448 1.56378
 6.62628 -1.81407 -23.6705	6.4607 -2.19911 -22.8571 0.914996
 -8.46325 -22.1561 -39.8325	-7.89425 -22.6026 -40.305 0.863925
 -8.87651 -19.0468 -10.9957	-8.12224 -20.1864 -9.55151 1.98828
