200 ../OUTPUT/PA4-C-Debug-Output.txt 0
 7.75893 11.5772 -12.7259	7.88193 10.5064 -12.0572 1.26844
 -38.6846 -7.79218 -13.0022	-39.236 -7.64597 -12.6332 0.679414
 -33.8123 -25.1447 -17.9298	-34.5208 -25.9697 -17.4687 1.1812
 -42.7194 -17.1583 -32.0361	-41.0097 -16.6065 -30.9648 2.09165
 6.00781 -6.66971 60.3177	6.0578 -7.40639 60.2969 0.73866
 14.1389 -10.5961 5.95603	14.23 -11.2653 6.30665 0.760944
 7.24625 -8.7311 -24.8246	6.80946 -8.76123 -23.6736 1.23141
 4.61356 -12.7862 2.59891	4.58025 -13.0251 2.6484 0.246233
 -39.1751 -21.4148 -37.1922	-38.0353 -20.7377 -36.5775 1.46131
 16.4617 2.89911 -23.951	17.5437 2.80924 -22.5502 1.77236
 -10.1086 25.7124 22.7963	-9.82202 24.6798 23.1089 1.1163
 -25.1249 -6.71816 -8.5855	-25.7986 -5.8951 -7.42252 1.57602
 -3.25134 24.6177 22.2967	-3.25608 24.1754 22.3145 0.442759
 -6.07284 -25.9043 -24.9884	-5.52559 -26.7535 -24.9028 1.01394
 -38.0552 5.71011 -28.2481	-37.3358 4.99901 -28.157 1.01558
 -29.8935 8.64269 -19.8085	-30.0824 9.13108 -19.6804 0.539083
 32.7927 10.0692 10.1671	34.3392 10.3807 11.2529 1.9151
 -18.2569 12.5205 -29.3105	-18.3045 11.9944 -29.2202 0.535888
 -2.23243 -5.70387 60.7628	-2.12791 -5.51308 60.7662 0.21757
 -28.4726 -24.9684 -44.6152	-28.0442 -23.8935 -43.1489 1.8678
 -21.4503 -2.98645 -6.79028	-21.8123 -2.73722 -6.41007 0.581132
 -10.1766 10.1626 4.97248	-8.91304 9.12566 5.44684 1.70203
 -8.97201 5.97384 33.9596	-7.86052 6.37178 33.7892 1.19282
 -21.1024 7.64432 -42.4982	-21.2707 6.1786 -41.0711 2.05262
 -10.8985 6.79989 25.2315	-10.3016 7.05987 25.0925 0.665702
 -38.4747 -14.2552 -44.3137	-36.9629 -13.7554 -43.0684 2.02137
 23.3766 16.7062 22.4538	24.7918 17.4903 22.8387 1.6631
 -11.3105 -27.6537 -20.0468	-10.6781 -28.8553 -19.7169 1.39737
 -1.68695 -4.3599 -31.2328	-2.30812 -4.63544 -30.969 0.728956
 -25.7413 -32.0369 -31.5876	-25.7184 -31.8981 -31.5663 0.14224
 27.6622 -3.70956 13.7774	28.1279 -4.46943 14.4949 1.14418
 21.7638 13.4702 -32.0667	21.0255 13.255 -30.8422 1.44593
 32.2524 16.7918 -5.84706	33.1192 17.4993 -5.76931 1.12164
 -10.494 -0.285894 -45.6659	-11.5096 -1.09961 -44.4406 1.78743
 1.01673 22.8334 29.0742	1.06838 23.2183 29.1774 0.401756
 23.6325 15.9955 22.6919	25.1007 16.809 23.0911 1.72527
 17.8202 24.2098 -25.6018	17.7868 24.1227 -25.5196 0.124373
 33.9491 -5.07538 4.86379	34.1612 -5.3063 4.86924 0.313623
 -8.49098 1.61141 46.0056	-6.51715 1.80744 46.0215 1.9836
 1.48621 19.5223 51.6892	1.72048 18.716 51.5505 0.851
 -5.28412 -20.2038 -14.0662	-4.54511 -21.3585 -13.4255 1.51328
 28.0557 -10.4465 -3.69322	28.2725 -10.7465 -3.63425 0.374854
 0.100831 -6.35422 45.6575	0.0956435 -6.36591 45.6579 0.012794
 16.6582 -8.35014 10.5084	16.7545 -8.82988 10.6614 0.512686
 23.378 4.66655 -31.9045	23.8205 4.90953 -30.1264 1.84836
 -8.77363 10.6082 2.649	-7.70624 9.49567 3.09242 1.60424
 -28.181 11.4951 -30.8784	-27.8112 10.3366 -30.5752 1.25324
 -44.0669 -14.184 -26.878	-43.5837 -14.3126 -26.5374 0.605003
 29.8972 12.2751 -27.2848	29.7299 12.1524 -27.0743 0.295577
 16.4312 -6.99738 16.2593	16.4782 -7.41202 16.3351 0.424122
 32.1976 5.18784 -26.76	31.7615 5.22118 -26.511 0.503309
 27.7614 -12.7535 -16.8691	27.5423 -12.3626 -16.8059 0.452504
 20.9854 7.29783 45.2602	23.276 7.25487 45.7039 2.33357
 -28.1073 3.53263 -45.5021	-27.2828 2.04233 -43.9129 2.32945
 11.3168 26.1834 7.11396	11.2562 26.5038 7.1458 0.327615
 -0.608452 16.1442 60.3072	-0.819106 16.4378 60.3607 0.365329
 -12.0418 -12.885 -3.72968	-12.3246 -13.8621 -2.7055 1.44345
 -4.0727 18.2316 7.25054	-2.6798 17.106 8.41368 2.13542
 -12.5709 2.45873 -45.4561	-13.047 1.38702 -44.0246 1.85051
 6.55327 21.1938 47.2549	6.68038 20.3664 47.3349 0.840949
 29.5473 -6.64149 8.33847	29.6123 -6.96807 8.42626 0.344376
 -24.4342 -30.1237 -38.7387	-24.3748 -29.2264 -38.0159 1.15373
 -1.01108 -6.92646 -31.4503	-1.46577 -7.09077 -31.2572 0.520621
 19.7255 9.29108 53.1951	21.9046 10.0239 53.5739 2.32998
 22.0995 2.82139 -30.7513	23.0559 3.71588 -29.4108 1.87391
 -12.0499 -12.219 -2.69947	-12.3135 -13.0683 -1.94516 1.1661
 -19.6827 -26.6906 -43.9791	-19.9421 -25.8665 -43.0646 1.25812
 -18.7932 -6.47342 -50.9966	-19.4518 -6.67278 -48.6237 2.47069
 -6.03606 18.999 9.76477	-4.59409 17.8552 11.1218 2.2867
 -4.25178 -24.4551 -26.2751	-3.45919 -25.1914 -26.5083 1.10667
 7.69175 8.9065 -15.8546	7.74448 8.19907 -14.6946 1.35973
 -32.2568 -25.3848 -41.8559	-31.4542 -24.3356 -40.8398 1.66652
 -10.9017 7.17232 25.6537	-10.3536 7.41105 25.5261 0.611274
 -2.98848 -6.59471 -37.6146	-2.62882 -6.50702 -37.7181 0.384393
 -42.4206 -0.829496 -24.419	-41.844 -1.14156 -24.5405 0.6668
 27.9341 21.2211 2.62173	28.5011 22.0275 2.65059 0.986203
 -20.5775 -30.0008 -18.9839	-20.5575 -31.8339 -18.7827 1.84429
 18.7288 -4.09419 30.3205	19.0765 -5.03568 30.4597 1.01326
 12.6876 -7.4431 16.4531	12.7827 -7.87957 16.574 0.462763
 -24.3487 -7.01835 -7.90704	-25.0822 -6.60126 -6.66472 1.50181
 35.4956 9.76487 7.00874	36.9089 10.0654 8.23092 1.8925
 16.8015 -11.3687 2.69706	17.3005 -12.1992 3.13803 1.0645
 -3.49417 -7.92619 23.6561	-3.70093 -8.25877 23.7322 0.398927
 36.7804 -1.85246 -14.2978	36.4761 -1.72324 -14.3172 0.331179
 -14.9376 11.4823 -28.9043	-15.0709 11.1876 -28.8546 0.327303
 20.0543 -6.74453 13.6773	20.1904 -7.19982 13.786 0.487471
 26.1407 -6.3455 11.1842	26.1535 -6.64528 11.2751 0.313544
 28.214 -1.42257 -29.9572	27.5577 -0.924728 -28.9379 1.31053
 8.08928 -7.37006 19.8143	8.23266 -7.88151 19.9359 0.544915
 -40.577 -14.7087 -38.6089	-39.481 -14.6028 -38.4055 1.11975
 13.4613 -5.88781 29.8744	13.4996 -6.28739 29.8915 0.401769
 15.1553 -4.46002 41.3539	15.4926 -5.5358 41.3978 1.12828
 36.1971 6.27289 -15.3816	36.7942 6.3494 -15.478 0.609588
 -37.9148 2.0573 -39.7976	-36.4129 1.14686 -38.7365 2.052
 1.59721 18.2212 0.405871	2.68978 17.4839 0.850284 1.39098
 28.2473 6.54554 18.5078	30.0379 6.72065 19.4321 2.02263
 -22.2419 -9.51582 -51.9884	-22.611 -9.98562 -49.7962 2.27216
 -34.5106 -26.8147 -36.8499	-33.8054 -26.1433 -36.3855 1.07874
 27.1287 -13.0189 -16.0324	27.0126 -12.8467 -15.9996 0.210249
 -4.908 -0.680037 -33.9555	-4.5803 -0.485026 -33.9599 0.381364
 -10.9176 5.21413 -41.3446	-11.6798 4.37453 -40.5585 1.37983
 -7.2567 -1.82358 42.859	-5.65691 -1.23064 42.7056 1.71302
 -24.3117 -13.1807 -8.49852	-24.9174 -13.5059 -6.16708 2.4307
 -30.8483 -30.4504 -28.2105	-30.8244 -30.408 -28.2084 0.0486994
 -23.8821 -32.1722 -27.4732	-23.9872 -32.6857 -27.5032 0.524993
 -14.3582 17.1428 14.7339	-12.7398 16.5636 17.0611 2.89319
 -0.279109 20.5865 5.51101	0.77288 19.5923 6.17162 1.59109
 -5.21268 -4.07006 48.5721	-4.22786 -3.37015 48.727 1.21809
 -40.5873 -16.7263 -18.0566	-41.03 -16.9062 -17.8612 0.516265
 -10.9026 3.01662 21.0756	-10.1205 3.26764 20.8367 0.855456
 -21.0448 7.43395 -42.7237	-21.1659 6.02001 -41.211 2.07415
 6.71167 -13.9403 0.491994	6.69915 -13.9893 0.504414 0.052082
 18.91 13.3518 50.889	20.5289 14.4009 51.1078 1.94151
 -42.2365 -16.0345 -21.154	-42.3322 -16.0718 -21.1275 0.106114
 -19.8575 3.80634 -46.0805	-19.7306 2.34249 -44.4227 2.21524
 -30.4445 6.78929 -41.1914	-29.8835 5.4183 -39.7506 2.06643
 6.71642 24.8894 12.1107	6.67379 25.0452 12.1122 0.161546
 36.4057 11.1764 5.27613	37.7611 11.8593 5.28779 1.5178
 -32.2091 8.53772 -21.7455	-32.1763 8.48848 -21.7596 0.0608483
 -31.0253 -30.2182 -26.5721	-31.0927 -30.3379 -26.578 0.137525
 15.6647 9.75225 -23.6913	16.4468 9.91586 -23.5378 0.81368
 -8.95271 8.71543 39.093	-7.58445 8.7792 38.8465 1.39174
 -7.09086 -25.5702 -35.2195	-7.00698 -25.6563 -35.252 0.124548
 -33.3579 -17.7372 -11.3782	-34.4355 -18.5153 -10.0929 1.84889
 -4.09555 24.5555 18.6858	-4.02473 23.8009 18.8963 0.786565
 -9.91711 -8.03636 -48.8878	-10.5185 -8.202 -46.9592 2.02692
 3.26387 -4.23384 -26.4275	2.46035 -4.58228 -25.4583 1.30633
 -3.92911 17.9574 45.6915	-3.70127 17.5483 45.5346 0.493903
 34.6669 -5.03881 -16.3859	34.8066 -5.14316 -16.4328 0.180569
 18.0641 25.0826 -14.1894	18.0327 25.5097 -14.2016 0.428454
 30.1141 10.0686 13.9806	31.715 10.7651 14.7938 1.92587
 -7.2932 4.78802 -35.2096	-7.61703 4.50966 -35.0328 0.462167
 -41.5936 -17.4573 -20.8377	-41.6903 -17.495 -20.811 0.107163
 -16.752 10.38 -38.8775	-16.7152 9.1909 -37.7336 1.65038
 35.7093 11.6367 6.36959	37.1847 12.3947 6.9071 1.74369
 -36.4231 4.63947 -37.5074	-35.5126 3.56903 -36.6759 1.63287
 -3.08803 -22.2694 -33.8806	-2.92777 -22.4737 -34.0068 0.288723
 2.40912 -15.7791 -7.67991	2.52422 -16.4617 -7.33652 0.772655
 15.7407 -17.9468 -9.01208	15.8079 -17.6323 -8.92283 0.333741
 -32.1251 -3.1548 -12.4071	-32.516 -1.97325 -10.8313 2.00802
 -43.8391 -3.77686 -23.5656	-43.089 -4.10342 -23.6648 0.824063
 36.3756 11.1918 -9.9746	36.9599 11.4008 -10.208 0.663014
 -8.99914 3.87427 49.2731	-6.86249 4.24146 49.446 2.17486
 16.3194 -16.685 -16.1736	16.6721 -15.4068 -15.3866 1.54192
 -12.5091 22.31 15.9641	-11.3875 20.7344 17.7332 2.62108
 -12.2343 -3.05506 -48.6646	-12.9388 -3.58223 -46.9284 1.94643
 24.192 -7.06623 10.22	24.1914 -7.05107 10.2154 0.0158516
 -16.1674 -30.8711 -24.5	-15.8672 -31.9565 -24.4286 1.1284
 -17.5076 5.43618 -13.9892	-17.7672 6.01902 -13.4223 0.853518
 32.2444 0.279643 12.2192	33.5746 -0.0750075 13.5032 1.88257
 -8.09351 25.6492 23.69	-8.10453 24.975 23.8771 0.699704
 38.7283 4.15879 1.34755	39.7458 4.0466 1.40725 1.02549
 28.6609 14.7115 12.9498	30.0857 15.4821 14.0956 1.98416
 -28.5595 -30.3055 -21.854	-28.8257 -30.8576 -21.714 0.628666
 -16.2025 12.8465 23.8809	-15.3521 13.1658 23.7774 0.914298
 -12.3857 11.7165 12.4263	-10.2706 10.9866 13.1312 2.34591
 16.947 -4.87659 30.529	17.2452 -5.68406 30.6484 0.869025
 -38.2201 -10.1004 -45.2928	-36.5685 -10.2544 -43.8923 2.17098
 15.9098 -5.64846 27.5448	15.958 -6.15158 27.5663 0.505878
 -41.6678 -9.98152 -34.1511	-40.2287 -9.82509 -34.1582 1.44756
 -6.33957 14.3396 56.9627	-4.55502 13.3841 57.0199 2.02505
 37.2624 -0.737681 3.21473	37.7969 -1.14613 3.17879 0.673592
 -11.4016 -10.1329 0.449451	-11.9669 -11.0185 1.16243 1.26965
 -12.0379 6.93323 -0.683192	-11.4943 6.26027 -0.741794 0.867063
 -30.4461 -30.5413 -26.6233	-30.5137 -30.6613 -26.6292 0.137862
 -9.56694 -4.00673 19.6413	-8.7912 -3.66515 19.4694 0.864868
 7.65773 22.6143 28.4703	7.65463 22.8804 28.5173 0.270218
 -41.9895 -10.1607 -18.295	-42.4169 -10.1808 -18.0616 0.487401
 10.6461 -6.04103 33.2603	10.6812 -6.46203 33.2935 0.42376
 -5.34224 17.1338 7.62516	-4.25223 15.7794 8.83582 2.11855
 9.3702 13.3506 60.9874	9.42216 13.3733 63.166 2.17933
 17.0926 -0.506813 53.6663	18.5834 -1.85969 53.9261 2.02984
 -19.538 9.31069 -20.9668	-19.172 10.4808 -19.7351 1.7379
 -22.8172 10.996 -21.7674	-22.9205 11.8334 -21.7141 0.845514
 3.81608 -14.4436 -24.1721	3.50298 -14.3334 -23.988 0.379545
 26.6484 -13.3465 -16.6185	26.4801 -13.0971 -16.571 0.30462
 -16.1692 12.0011 -31.1209	-16.4256 11.4343 -31.0253 0.629396
 -40.0778 -11.3333 -15.5675	-40.786 -11.4452 -15.0644 0.875897
 21.6368 19.3788 21.6727	22.5938 20.3338 21.9203 1.37442
 -13.4504 -29.2667 -22.1217	-12.883 -30.48 -21.8529 1.3661
 34.2926 -4.24001 6.54197	34.7391 -4.73812 6.55443 0.669065
 -5.73624 15.6356 48.3109	-4.67442 14.9189 47.9961 1.31915
 20.5823 -11.9457 -23.1407	20.7021 -11.3779 -21.3782 1.85557
 -15.3803 15.8473 30.7657	-15.7184 15.7218 30.9895 0.424415
 12.2602 21.578 -17.6935	12.4136 21.5284 -17.6875 0.161385
 32.9474 -7.40119 -17.7096	32.7905 -7.28903 -17.6662 0.197721
 -31.7127 -24.1588 -43.6364	-30.8852 -23.077 -42.5888 1.71828
 0.568381 -2.37386 -27.5969	-0.0446062 -2.59356 -26.8598 0.983553
 22.624 24.678 -5.26874	22.8152 25.1712 -5.3271 0.532146
 35.6261 11.6953 -13.2744	36.0319 11.7604 -13.424 0.437325
 18.2901 -9.35202 -24.5152	18.521 -8.07531 -23.2453 1.81547
 5.14628 12.5601 61.0063	5.21844 12.7109 63.1461 2.14626
 -20.0714 -15.5004 -50.9189	-20.2321 -14.821 -48.7071 2.31935
 1.41049 19.1835 59.1952	1.83399 18.0241 59.1187 1.23668
 -34.8117 8.39547 -29.6243	-34.1576 7.45733 -29.4665 1.15453
 14.0053 -13.2786 1.19024	14.3479 -14.0139 1.61002 0.913382
 -23.7742 10.2785 -21.1414	-24.1904 11.5053 -21.0686 1.29743
 -1.49473 -11.4891 -36.6317	-1.54239 -11.4949 -36.6104 0.052538
 -17.0033 18.641 19.2889	-15.3423 17.9794 20.3867 2.09799
 -12.6468 8.33101 -38.513	-13.1972 7.62952 -38.0972 0.983791
